step,applied,reason,joint_w4_loss,cycle_loss,teacher_mse,budget_penalty,dual_mse,dual_ssim,block,discriminator_loss,discriminator_applied,reconstruction_mse,perceptual_loss,preservation_mse,loss,residual_loss,trust_loss,spectral_loss,adversarial_loss,grad_norm,learning_rate,reconstruction_gradient_norm,residual_gradient_norm,preservation_gradient_norm
1,True,,,,,0.0,,,,,,0.003799453843384981,0.0541805699467659,4.181037002126686e-05,0.03410317003726959,0.024015765637159348,0.0848984345793724,0.0,0.0,0.0007935799076221883,5e-05,,,
2,True,,,,,0.0,,,,,,0.002188649959862232,0.04437250643968582,8.300004992634058e-05,0.0233908761292696,0.01587449014186859,0.08489837497472763,0.0,0.0,0.0006286147981882095,0.0001,,,
3,True,,,,,0.0,,,,,,0.002242874354124069,0.04078981280326843,4.107535278308205e-05,0.01984437182545662,0.012652996927499771,0.08489826321601868,0.0,0.0,0.0007859211764298379,0.00015000000000000001,,,
4,True,,,,,0.0,,,,,,0.0020633358508348465,0.03601423278450966,8.033138874452561e-05,0.018024319782853127,0.011470413766801357,0.08489810675382614,0.0,0.0,0.0004989963490515947,0.0002,,,
5,True,,,,,0.0,,,,,,0.003843043465167284,0.056309379637241364,4.8101712309289724e-05,0.03596419095993042,0.02561718039214611,0.08489789068698883,0.0,0.0,0.0007726991316303611,0.00025,,,
6,True,,,,,0.0,,,,,,0.005406375043094158,0.07339790463447571,6.275133637245744e-05,0.04602211341261864,0.03239559754729271,0.08489762991666794,0.0,0.0,0.00085446797311306,0.00030000000000000003,,,
7,True,,,,,0.0,,,,,,0.00392808485776186,0.061380401253700256,3.079832822550088e-05,0.03470447659492493,0.023773975670337677,0.08489734679460526,0.0,0.0,0.000764163036365062,0.00035,,,
8,True,,,,,0.0,,,,,,0.0027221746277064085,0.04808163642883301,4.308111238060519e-05,0.024240953847765923,0.01584010384976864,0.08489707112312317,0.0,0.0,0.0006636950420215726,0.0004,,,
9,True,,,,,0.0,,,,,,0.008802561089396477,0.08974392712116241,4.181037002126686e-05,0.0748709887266159,0.056224167346954346,0.08489673584699631,0.0,0.0,0.0013419141760095954,0.00045000000000000004,,,
10,True,,,,,0.0,,,,,,0.0019573208410292864,0.04370155185461044,8.300004992634058e-05,0.019569551572203636,0.012351610697805882,0.08489646762609482,0.0,0.0,0.0005328390398062766,0.0005,,,
11,True,,,,,0.0,,,,,,0.003514916403219104,0.06366842985153198,4.107535278308205e-05,0.033449936658144,0.02269867993891239,0.08489613980054855,0.0,0.0,0.000819475797470659,0.0005499999999999999,,,
12,True,,,,,0.0,,,,,,0.0031673102639615536,0.0563187375664711,8.033138874452561e-05,0.028125453740358353,0.01843714527785778,0.08489584922790527,0.0,0.0,0.0006353640928864479,0.0006000000000000001,,,
13,True,,,,,0.0,,,,,,0.003260285360738635,0.06235774606466293,4.8101712309289724e-05,0.0332086943089962,0.022839626297354698,0.0848955288529396,0.0,0.0,0.0007025711820460856,0.0006500000000000001,,,
14,True,,,,,0.0,,,,,,0.004871223587542772,0.06034582108259201,6.275133637245744e-05,0.04348796233534813,0.03170182928442955,0.08489522337913513,0.0,0.0,0.000784918840508908,0.0007,,,
15,True,,,,,0.0,,,,,,0.0033873103093355894,0.055859699845314026,3.079832822550088e-05,0.030611038208007812,0.02077341079711914,0.08489494025707245,0.0,0.0,0.0006497044232673943,0.00075,,,
16,True,,,,,0.0,,,,,,0.0031722746789455414,0.06341533362865448,4.308111238060519e-05,0.033001694828271866,0.02261740155518055,0.08489461243152618,0.0,0.0,0.0007035647286102176,0.0008,,,
17,True,,,,,0.0,,,,,,0.002549441996961832,0.050667278468608856,4.181037002126686e-05,0.02485874854028225,0.01637272909283638,0.08489431440830231,0.0,0.0,0.000644860730972141,0.0008500000000000001,,,
18,True,,,,,0.0,,,,,,0.0038381563499569893,0.06563664972782135,8.300004992634058e-05,0.03576723858714104,0.0244749765843153,0.08489397168159485,0.0,0.0,0.0007906410028226674,0.0009000000000000001,,,
19,True,,,,,0.0,,,,,,0.005948612000793219,0.06259545683860779,4.107535278308205e-05,0.05601505562663078,0.042937424033880234,0.0848936140537262,0.0,0.0,0.0009010323556140065,0.00095,,,
20,True,,,,,0.0,,,,,,0.0012060812441632152,0.02780357375741005,8.033138874452561e-05,0.011397437192499638,0.006521899718791246,0.08489329367876053,0.0,0.0,0.0005622489843517542,0.001,,,
21,True,,,,,0.0,,,,,,0.005673801526427269,0.05720854550600052,4.8101712309289724e-05,0.04573901742696762,0.033471379429101944,0.08489295840263367,0.0,0.0,0.000850068056024611,0.001,,,
22,True,,,,,0.0,,,,,,0.0014982328284531832,0.03945007175207138,6.275133637245744e-05,0.016774548217654228,0.010451005771756172,0.08489268273115158,0.0,0.0,0.0005482716951519251,0.0009999994329901755,,,
23,True,,,,,0.0,,,,,,0.0018863945733755827,0.03730074316263199,3.079832822550088e-05,0.017703015357255936,0.011222222819924355,0.0848923921585083,0.0,0.0,0.0006035515107214451,0.000999997731962131,,,
24,True,,,,,0.0,,,,,,0.0023304629139602184,0.046751707792282104,4.308111238060519e-05,0.020952099934220314,0.013076003640890121,0.08489210158586502,0.0,0.0,0.0006076073623262346,0.0009999948969201533,,,
25,True,,,,,0.0,,,,,,0.0031465203501284122,0.04764866828918457,4.181037002126686e-05,0.028916480019688606,0.020135268568992615,0.08489181846380234,0.0,0.0,0.0007613045163452625,0.0009999909278713864,,,
26,True,,,,,0.0,,,,,,0.005188317503780127,0.07297098636627197,8.300004992634058e-05,0.04813896492123604,0.03476313129067421,0.08489156514406204,0.0,0.0,0.0007822201587259769,0.000999985824825833,,,
27,True,,,,,0.0,,,,,,0.0031387819908559322,0.04365059360861778,4.107535278308205e-05,0.02628394030034542,0.01791064813733101,0.08489139378070831,0.0,0.0,0.0006921362946741283,0.0009999795877963526,,,
28,True,,,,,0.0,,,,,,0.001837645540945232,0.03404107689857483,8.033138874452561e-05,0.017568815499544144,0.011437986046075821,0.08489123731851578,0.0,0.0,0.00057675113203004,0.000999972216798663,,,
29,True,,,,,0.0,,,,,,0.0027138690929859877,0.04923456162214279,4.8101712309289724e-05,0.025879081338644028,0.017368795350193977,0.08489106595516205,0.0,0.0,0.000625736836809665,0.0009999637118513394,,,
30,True,,,,,0.0,,,,,,0.004342866595834494,0.05841479450464249,6.275133637245744e-05,0.04168818145990372,0.030623553320765495,0.08489089459180832,0.0,0.0,0.0009208734263665974,0.0009999540729758146,,,
31,True,,,,,0.0,,,,,,0.002443490317091346,0.052484575659036636,3.079832822550088e-05,0.021889733150601387,0.013333478942513466,0.08489079773426056,0.0,0.0,0.0006179068004712462,0.0009999433001963787,,,
32,True,,,,,0.0,,,,,,0.004053774755448103,0.060767658054828644,4.308111238060519e-05,0.03540104255080223,0.024400051683187485,0.08489063382148743,0.0,0.0,0.0008418998913839459,0.0009999313935401802,,,
33,True,,,,,0.0,,,,,,0.00277715059928596,0.05228481441736221,4.181037002126686e-05,0.024286001920700073,0.015410559251904488,0.08489051461219788,0.0,0.0,0.0007800983148626983,0.000999918353037224,,,
34,True,,,,,0.0,,,,,,0.0034700899850577116,0.05751660466194153,8.300004992634058e-05,0.0311269573867321,0.021014804020524025,0.08489041030406952,0.0,0.0,0.0005539515987038612,0.000999904178720373,,,
35,True,,,,,0.0,,,,,,0.0037658929359167814,0.05646893382072449,4.107535278308205e-05,0.03970540314912796,0.029423173516988754,0.08489035069942474,0.0,0.0,0.0010434082942083478,0.0009998888706253465,,,
36,True,,,,,0.0,,,,,,0.0034712578635662794,0.05563604459166527,8.033138874452561e-05,0.032028499990701675,0.022104568779468536,0.08489032834768295,0.0,0.0,0.0006467837956734002,0.000999872428790722,,,
37,True,,,,,0.0,,,,,,0.004550641402602196,0.06626766920089722,4.8101712309289724e-05,0.04256201907992363,0.030511656776070595,0.08489032089710236,0.0,0.0,0.0009945250349119306,0.000999854853257934,,,
38,True,,,,,0.0,,,,,,0.0017683015903458,0.0431876964867115,6.275133637245744e-05,0.018483005464076996,0.011515654623508453,0.08489040285348892,0.0,0.0,0.0006005950854159892,0.000999836144071273,,,
39,True,,,,,0.0,,,,,,0.0023455643095076084,0.04836028069257736,3.079832822550088e-05,0.02089083008468151,0.012844935059547424,0.08489049226045609,0.0,0.0,0.0005881717661395669,0.0009998163012778871,,,
40,True,,,,,0.0,,,,,,0.002178346272557974,0.0385906845331192,4.308111238060519e-05,0.02033628523349762,0.013428423553705215,0.08489055931568146,0.0,0.0,0.0005796815967187285,0.0009997953249277812,,,
41,True,,,,,0.0,,,,,,0.00550644239410758,0.06274972856044769,4.181037002126686e-05,0.044141825288534164,0.03149060159921646,0.08489060401916504,0.0,0.0,0.0022612325847148895,0.0009997732150738164,,,
42,True,,,,,0.0,,,,,,0.004174262285232544,0.06274928152561188,8.300004992634058e-05,0.0386587418615818,0.027319148182868958,0.08489058911800385,0.0,0.0,0.0008634302648715675,0.0009997499717717107,,,
43,True,,,,,0.0,,,,,,0.0032555710058659315,0.059976134449243546,4.107535278308205e-05,0.028208879753947258,0.018086250871419907,0.08489064127206802,0.0,0.0,0.0007290557259693742,0.0009997255950800381,,,
44,True,,,,,0.0,,,,,,0.002319023013114929,0.045437462627887726,8.033138874452561e-05,0.024338925257325172,0.01658708229660988,0.08489079773426056,0.0,0.0,0.0007134144543670118,0.0009997000850602291,,,
45,True,,,,,0.0,,,,,,0.005440215580165386,0.06281156837940216,4.8101712309289724e-05,0.04518816992640495,0.03259383514523506,0.08489101380109787,0.0,0.0,0.0010093159507960081,0.0009996734417765697,,,
46,True,,,,,0.0,,,,,,0.00296189496293664,0.0600966140627861,6.275133637245744e-05,0.029205745086073875,0.019353900104761124,0.08489129692316055,0.0,0.0,0.0008179928991012275,0.0009996456652962024,,,
47,True,,,,,0.0,,,,,,0.0022861191537231207,0.04054148122668266,3.079832822550088e-05,0.022159354761242867,0.014954773709177971,0.08489155024290085,0.0,0.0,0.0006143717910163105,0.0009996167556891253,,,
48,True,,,,,0.0,,,,,,0.0038737382274121046,0.06449414789676666,4.308111238060519e-05,0.03752826899290085,0.026334654539823532,0.08489177376031876,0.0,0.0,0.0007456382154487073,0.0009995867130281916,,,
49,True,,,,,0.0,,,,,,0.0012747431173920631,0.033235225826501846,4.181037002126686e-05,0.012150593101978302,0.006682501174509525,0.08489208668470383,0.0,0.0,0.0005319513147696853,0.0009995555373891103,,,
50,True,,,,,0.0,,,,,,0.0018144923960790038,0.040709808468818665,8.300004992634058e-05,0.017502648755908012,0.010726752690970898,0.08489233255386353,0.0,0.0,0.000551846285816282,0.000999523228850445,,,
51,True,,,,,0.0,,,,,,0.0018587717786431313,0.041259296238422394,4.107535278308205e-05,0.017157595604658127,0.010303432121872902,0.08489252626895905,0.0,0.0,0.00053880998166278,0.0009994897874936151,,,
52,True,,,,,0.0,,,,,,0.0041167945601046085,0.049545127898454666,8.033138874452561e-05,0.032918184995651245,0.022957785055041313,0.08489269763231277,0.0,0.0,0.0009654330206103623,0.0009994552134028943,,,
53,True,,,,,0.0,,,,,,0.002269200049340725,0.04364877939224243,4.8101712309289724e-05,0.02051725424826145,0.013010196387767792,0.08489291369915009,0.0,0.0,0.0006912773824296892,0.0009994195066654102,,,
54,True,,,,,0.0,,,,,,0.003670657519251108,0.05448463186621666,6.275133637245744e-05,0.029835281893610954,0.019835852086544037,0.08489316701889038,0.0,0.0,0.0007411936530843377,0.0009993826673711458,,,
55,True,,,,,0.0,,,,,,0.004699398763477802,0.060960039496421814,3.079832822550088e-05,0.04374008998274803,0.03208035230636597,0.08489341288805008,0.0,0.0,0.000982113997451961,0.0009993446956129378,,,
56,True,,,,,0.0,,,,,,0.003900822950527072,0.05251871421933174,4.308111238060519e-05,0.03223615884780884,0.022212985903024673,0.0848938450217247,0.0,0.0,0.0006501246243715286,0.0009993055914864768,,,
57,True,,,,,0.0,,,,,,0.0024512624368071556,0.042305879294872284,4.181037002126686e-05,0.022066837176680565,0.014515139162540436,0.08489423245191574,0.0,0.0,0.0007109646685421467,0.0009992653550903062,,,
58,True,,,,,0.0,,,,,,0.005087218713015318,0.051548682153224945,8.300004992634058e-05,0.03860031068325043,0.02746777981519699,0.08489462733268738,0.0,0.0,0.0008406740962527692,0.0009992239865258242,,,
59,True,,,,,0.0,,,,,,0.001924516400322318,0.038648538291454315,4.107535278308205e-05,0.020267458632588387,0.013608599081635475,0.084895059466362,0.0,0.0,0.0005803449312224984,0.000999181485897281,,,
60,True,,,,,0.0,,,,,,0.0044777486473321915,0.05604963377118111,8.033138874452561e-05,0.03826577961444855,0.027293946593999863,0.08489556610584259,0.0,0.0,0.0011225887574255466,0.0009991378533117804,,,
61,True,,,,,0.0,,,,,,0.0022426554933190346,0.045915380120277405,4.8101712309289724e-05,0.02110774628818035,0.013400539755821228,0.08489612489938736,0.0,0.0,0.0005138104897923768,0.0009990930888792778,,,
62,True,,,,,0.0,,,,,,0.0030768737196922302,0.05547483265399933,6.275133637245744e-05,0.028550080955028534,0.019045382738113403,0.08489663898944855,0.0,0.0,0.0008353424491360784,0.0009990471927125823,,,
63,True,,,,,0.0,,,,,,0.004393992479890585,0.056694064289331436,3.079832822550088e-05,0.035856571048498154,0.024928802624344826,0.08489721268415451,0.0,0.0,0.00075576885137707,0.0009990001649273538,,,
64,True,,,,,0.0,,,,,,0.004006959032267332,0.05508604645729065,4.308111238060519e-05,0.03635372221469879,0.025967638939619064,0.08489780128002167,0.0,0.0,0.000858452171087265,0.0009989520056421042,,,
65,True,,,,,0.0,,,,,,0.002592872828245163,0.04682987928390503,4.181037002126686e-05,0.02469608001410961,0.016550328582525253,0.08489840477705002,0.0,0.0,0.0008101908024400473,0.0009989027149781974,,,
66,True,,,,,0.0,,,,,,0.006211809813976288,0.06469590216875076,8.300004992634058e-05,0.051858510822057724,0.03828662261366844,0.0848989263176918,0.0,0.0,0.000953052134718746,0.0009988522930598478,,,
67,True,,,,,0.0,,,,,,0.005733802914619446,0.0726117342710495,4.107535278308205e-05,0.05243656784296036,0.03857205808162689,0.08489950001239777,0.0,0.0,0.0008920861873775721,0.000998800740014121,,,
68,True,,,,,0.0,,,,,,0.0036479136906564236,0.05662006139755249,8.033138874452561e-05,0.031045787036418915,0.02084670029580593,0.0849001333117485,0.0,0.0,0.0006939315935596824,0.0009987480559709326,,,
69,True,,,,,0.0,,,,,,0.006124874111264944,0.06451824307441711,4.8101712309289724e-05,0.055380500853061676,0.04193074256181717,0.08490077406167984,0.0,0.0,0.0009837857214733958,0.000998694241063049,,,
70,True,,,,,0.0,,,,,,0.003753629047423601,0.05405446141958237,6.275133637245744e-05,0.032235536724328995,0.022196069359779358,0.08490151911973953,0.0,0.0,0.000802323454990983,0.000998639295426086,,,
71,True,,,,,0.0,,,,,,0.0029103392735123634,0.046398863196372986,3.079832822550088e-05,0.02547737956047058,0.017062731087207794,0.08490225672721863,0.0,0.0,0.0007345744525082409,0.0009985832191985093,,,
72,True,,,,,0.0,,,,,,0.004020198248326778,0.05176490545272827,4.308111238060519e-05,0.03307168930768967,0.023004427552223206,0.08490296453237534,0.0,0.0,0.0007176976068876684,0.0009985260125216328,,,
73,True,,,,,0.0,,,,,,0.002857031999155879,0.04409180209040642,4.181037002126686e-05,0.025453105568885803,0.017316948622465134,0.08490374684333801,0.0,0.0,0.000679694174323231,0.0009984676755396204,,,
74,True,,,,,0.0,,,,,,0.0037143926601856947,0.05883996933698654,8.300004992634058e-05,0.03287988901138306,0.022390954196453094,0.0849045142531395,0.0,0.0,0.0006539967725984752,0.0009984082083994838,,,
75,True,,,,,0.0,,,,,,0.0048439535312354565,0.06802524626255035,4.107535278308205e-05,0.04226207733154297,0.029746009036898613,0.08490525931119919,0.0,0.0,0.00101307628210634,0.0009983476112510822,,,
76,True,,,,,0.0,,,,,,0.005068659782409668,0.05445264279842377,8.033138874452561e-05,0.04548470303416252,0.03408155217766762,0.08490617573261261,0.0,0.0,0.0009218635386787355,0.0009982858842471237,,,
77,True,,,,,0.0,,,,,,0.0035690031945705414,0.04361342266201973,4.8101712309289724e-05,0.031062066555023193,0.02225859835743904,0.0849071741104126,0.0,0.0,0.0007962866220623255,0.000998223027543163,,,
78,True,,,,,0.0,,,,,,0.00436558248475194,0.06491433829069138,6.275133637245744e-05,0.03616856411099434,0.02443109080195427,0.08490816503763199,0.0,0.0,0.0007283987361006439,0.0009981590412976014,,,
79,True,,,,,0.0,,,,,,0.0014149220660328865,0.02961309812963009,3.079832822550088e-05,0.013405008241534233,0.008164284750819206,0.08490920811891556,0.0,0.0,0.0004892753204330802,0.0009980939256716871,,,
80,True,,,,,0.0,,,,,,0.0014217033749446273,0.04720769822597504,4.308111238060519e-05,0.015142248012125492,0.00812913291156292,0.08491009473800659,0.0,0.0,0.0005232110270299017,0.0009980276808295146,,,
81,True,,,,,0.0,,,,,,0.0031137405894696712,0.05004411190748215,4.181037002126686e-05,0.026512576267123222,0.017524410039186478,0.08491095155477524,0.0,0.0,0.0008759284391999245,0.0009979603069380236,,,
82,True,,,,,0.0,,,,,,0.0064208912663161755,0.072503000497818,8.300004992634058e-05,0.05004807189106941,0.035486266016960144,0.08491183817386627,0.0,0.0,0.0010033780708909035,0.0009978918041669994,,,
83,True,,,,,0.0,,,,,,0.002464006654918194,0.039797503501176834,4.107535278308205e-05,0.02360081672668457,0.016287392005324364,0.08491288870573044,0.0,0.0,0.0006795998779125512,0.0009978221726890716,,,
84,True,,,,,0.0,,,,,,0.0018221376230940223,0.05041387677192688,8.033138874452561e-05,0.017472922801971436,0.009720093570649624,0.08491388708353043,0.0,0.0,0.0005462582339532673,0.000997751412679715,,,
85,True,,,,,0.0,,,,,,0.0027274598833173513,0.05871867761015892,4.8101712309289724e-05,0.02561124972999096,0.016138723120093346,0.08491487056016922,0.0,0.0,0.0007148304139263928,0.0009976795243172474,,,
86,True,,,,,0.0,,,,,,0.0036360747180879116,0.04550217092037201,6.275133637245744e-05,0.029545487836003304,0.020478662103414536,0.08491586148738861,0.0,0.0,0.0012085078051313758,0.0009976065077828312,,,
87,True,,,,,0.0,,,,,,0.0018854623194783926,0.03971082717180252,3.079832822550088e-05,0.016235383227467537,0.009514270350337029,0.08491683751344681,0.0,0.0,0.0006570084951817989,0.000997532363260471,,,
88,True,,,,,0.0,,,,,,0.003145610447973013,0.05328898876905441,4.308111238060519e-05,0.02961125411093235,0.020266026258468628,0.08491779118776321,0.0,0.0,0.0006453476962633431,0.000997457090937014,,,
89,True,,,,,0.0,,,,,,0.0033557708375155926,0.06436588615179062,4.181037002126686e-05,0.0319063737988472,0.021243922412395477,0.08491869270801544,0.0,0.0,0.000747362500987947,0.0009973806910021502,,,
90,True,,,,,0.0,,,,,,0.003302068216726184,0.04842676594853401,8.300004992634058e-05,0.026651153340935707,0.01761571131646633,0.08491966873407364,0.0,0.0,0.0006713625625707209,0.0009973031636484105,,,
91,True,,,,,0.0,,,,,,0.0031055561266839504,0.04772438108921051,4.107535278308205e-05,0.029052237048745155,0.020304499194025993,0.08492062240839005,0.0,0.0,0.000636256649158895,0.000997224509071167,,,
92,True,,,,,0.0,,,,,,0.006147184409201145,0.0681326687335968,8.033138874452561e-05,0.05080414563417435,0.03695430979132652,0.08492156118154526,0.0,0.0,0.0008165428298525512,0.0009971447274686332,,,
93,True,,,,,0.0,,,,,,0.005546936299651861,0.07162075489759445,4.8101712309289724e-05,0.04791437089443207,0.03433208540081978,0.08492247015237808,0.0,0.0,0.0009658315684646368,0.000997063819041862,,,
94,True,,,,,0.0,,,,,,0.003991620149463415,0.05481061339378357,6.275133637245744e-05,0.035071294754743576,0.02471800148487091,0.08492346107959747,0.0,0.0,0.0006801679264754057,0.000996981783994746,,,
95,True,,,,,0.0,,,,,,0.0031592748127877712,0.06123605743050575,3.079832822550088e-05,0.030841518193483353,0.02069399505853653,0.08492441475391388,0.0,0.0,0.0007438695756718516,0.000996898622534017,,,
96,True,,,,,0.0,,,,,,0.004042973276227713,0.06020050123333931,4.308111238060519e-05,0.03585825860500336,0.024924442172050476,0.08492542058229446,0.0,0.0,0.0008490989566780627,0.000996814334869246,,,
97,True,,,,,0.0,,,,,,0.0022261447738856077,0.043900683522224426,4.181037002126686e-05,0.02117413654923439,0.013687752187252045,0.0849265530705452,0.0,0.0,0.0005266029620543122,0.0009967289212128411,,,
98,True,,,,,0.0,,,,,,0.002851651981472969,0.050299614667892456,8.300004992634058e-05,0.025238225236535072,0.016465837135910988,0.08492757380008698,0.0,0.0,0.0006660558865405619,0.000996642381780049,,,
99,True,,,,,0.0,,,,,,0.005219566635787487,0.0663720890879631,4.107535278308205e-05,0.05147410184144974,0.038747504353523254,0.08492850512266159,0.0,0.0,0.0011257632868364453,0.0009965547167889522,,,
100,True,,,,,0.0,,,,,,0.0019526922842487693,0.05074416846036911,8.033138874452561e-05,0.019676221534609795,0.011759650893509388,0.08492960780858994,0.0,0.0,0.0005276711890473962,0.0009964659264604708,0.00036106750644422436,0.00034706187248551457,3.6186596074491065e-05
101,True,,,,,0.0,,,,,,0.0038696937263011932,0.05980877950787544,4.8101712309289724e-05,0.03556963428854942,0.024845704436302185,0.0849306583404541,0.0,0.0,0.0006376865203492343,0.00099637601101836,,,
102,True,,,,,0.0,,,,,,0.0030979178845882416,0.054898325353860855,6.275133637245744e-05,0.02676166035234928,0.017293216660618782,0.08493175357580185,0.0,0.0,0.0007093565654940903,0.0009962849706892107,,,
103,True,,,,,0.0,,,,,,0.0032844170928001404,0.05561894178390503,3.079832822550088e-05,0.02882254123687744,0.019111501052975655,0.08493292331695557,0.0,0.0,0.0007680454291403294,0.000996192805702449,,,
104,True,,,,,0.0,,,,,,0.0029441877268254757,0.046372175216674805,4.308111238060519e-05,0.026167437434196472,0.017715152353048325,0.08493400365114212,0.0,0.0,0.0006820595008321106,0.0009960995162903337,,,
105,True,,,,,0.0,,,,,,0.003481827676296234,0.06188172101974487,4.181037002126686e-05,0.032953500747680664,0.022413242608308792,0.08493510633707047,0.0,0.0,0.0007633064524270594,0.000996005102687959,,,
106,True,,,,,0.0,,,,,,0.003281259909272194,0.04660206288099289,8.300004992634058e-05,0.02927222102880478,0.020439893007278442,0.0849362313747406,0.0,0.0,0.0007088695419952273,0.000995909565133251,,,
107,True,,,,,0.0,,,,,,0.0038112569600343704,0.05427616834640503,4.107535278308205e-05,0.03516311198472977,0.0250543262809515,0.08493733406066895,0.0,0.0,0.0008200157899409533,0.0009958129038669687,,,
108,True,,,,,0.0,,,,,,0.002555674174800515,0.044997505843639374,8.033138874452561e-05,0.0253176037222147,0.017372628673911095,0.08493846654891968,0.0,0.0,0.0005628396756947041,0.0009957151191327023,,,
109,True,,,,,0.0,,,,,,0.0033417786471545696,0.05080509930849075,4.8101712309289724e-05,0.02696109376847744,0.017665358260273933,0.08493954688310623,0.0,0.0,0.0006726850988343358,0.0009956162111768741,,,
110,True,,,,,0.0,,,,,,0.002906542271375656,0.05662493035197258,6.275133637245744e-05,0.02635877951979637,0.016908962279558182,0.08494064956903458,0.0,0.0,0.0005745826056227088,0.0009955161802487362,,,
111,True,,,,,0.0,,,,,,0.0034026778303086758,0.08450068533420563,3.079832822550088e-05,0.035394176840782166,0.022676611319184303,0.08494169265031815,0.0,0.0,0.0007190934848040342,0.000995415026600371,,,
112,True,,,,,0.0,,,,,,0.003220465499907732,0.04608526453375816,4.308111238060519e-05,0.02743653394281864,0.018736574798822403,0.08494274318218231,0.0,0.0,0.0008283572387881577,0.0009953127504866899,,,
113,True,,,,,0.0,,,,,,0.0036854874342679977,0.06598568707704544,4.181037002126686e-05,0.03516098111867905,0.02400658093392849,0.08494379371404648,0.0,0.0,0.0007368266815319657,0.0009952093521654335,,,
114,True,,,,,0.0,,,,,,0.0014698412269353867,0.0392564982175827,8.300004992634058e-05,0.015142198652029037,0.008855758234858513,0.084944948554039,0.0,0.0,0.00045968519407324493,0.0009951048318971698,,,
115,True,,,,,0.0,,,,,,0.0015194201841950417,0.03560888022184372,4.107535278308205e-05,0.01594875007867813,0.0099984435364604,0.08494610339403152,0.0,0.0,0.00044046295806765556,0.0009949991899452944,,,
116,True,,,,,0.0,,,,,,0.002042528009042144,0.03840267285704613,8.033138874452561e-05,0.019302304834127426,0.012529874220490456,0.0849471390247345,0.0,0.0,0.0006517558358609676,0.00099489242657603,,,
117,True,,,,,0.0,,,,,,0.004354141652584076,0.07040853053331375,4.8101712309289724e-05,0.03953245282173157,0.027263926342129707,0.08494821935892105,0.0,0.0,0.000777685025241226,0.0009947845420584247,,,
118,True,,,,,0.0,,,,,,0.003739890642464161,0.05829590931534767,6.275133637245744e-05,0.03606707975268364,0.025616731494665146,0.08494945615530014,0.0,0.0,0.0008516242960467935,0.0009946755366643523,,,
119,True,,,,,0.0,,,,,,0.002076126169413328,0.05201280117034912,3.079832822550088e-05,0.022781217470765114,0.014638906344771385,0.08495067059993744,0.0,0.0,0.0005734459264203906,0.0009945654106685111,,,
120,True,,,,,0.0,,,,,,0.0009399078553542495,0.03565575182437897,4.308111238060519e-05,0.010351898148655891,0.0049753556959331036,0.08495189994573593,0.0,0.0,0.00041186221642419696,0.0009944541643484232,,,
121,True,,,,,0.0,,,,,,0.001287040300667286,0.03279290348291397,4.181037002126686e-05,0.01236469391733408,0.006927927955985069,0.08495303243398666,0.0,0.0,0.0005050112958997488,0.0009943417979844345,,,
122,True,,,,,0.0,,,,,,0.003921497147530317,0.06269390136003494,8.300004992634058e-05,0.036551620811223984,0.025469690561294556,0.08495409041643143,0.0,0.0,0.0007482102373614907,0.0009942283118597132,,,
123,True,,,,,0.0,,,,,,0.002429543761536479,0.05362760275602341,4.107535278308205e-05,0.022326868027448654,0.01366447564214468,0.08495515584945679,0.0,0.0,0.000565846508834511,0.0009941137062602487,,,
124,True,,,,,0.0,,,,,,0.0066472431644797325,0.07547971606254578,8.033138874452561e-05,0.055888645350933075,0.0408037006855011,0.08495621383190155,0.0,0.0,0.0010201343102380633,0.000993997981474853,,,
125,True,,,,,0.0,,,,,,0.001973628532141447,0.0348677858710289,4.8101712309289724e-05,0.01721249707043171,0.010878466069698334,0.08495736122131348,0.0,0.0,0.0006150610279291868,0.0009938811377951569,,,
126,True,,,,,0.0,,,,,,0.0038323155604302883,0.059434980154037476,6.275133637245744e-05,0.03277501091361046,0.022118236869573593,0.08495849370956421,0.0,0.0,0.0007879676413722336,0.0009937631755156117,,,
127,True,,,,,0.0,,,,,,0.0038684948813170195,0.06011631712317467,3.079832822550088e-05,0.03690192103385925,0.026156798005104065,0.08495968580245972,0.0,0.0,0.0008840819355100393,0.0009936440949334878,,,
128,True,,,,,0.0,,,,,,0.0026644289027899504,0.047861356288194656,4.308111238060519e-05,0.024386504665017128,0.01606478914618492,0.08496106415987015,0.0,0.0,0.0008437645738013089,0.0009935238963488732,,,
129,True,,,,,0.0,,,,,,0.002729155821725726,0.04450395703315735,4.181037002126686e-05,0.021314712241292,0.013264629989862442,0.08496250957250595,0.0,0.0,0.0006954421987757087,0.0009934025800646738,,,
130,True,,,,,0.0,,,,,,0.004639031831175089,0.06663984060287476,8.300004992634058e-05,0.03829151391983032,0.026097359135746956,0.0849638506770134,0.0,0.0,0.0007250872440636158,0.0009932801463866116,,,
131,True,,,,,0.0,,,,,,0.0027534253895282745,0.05164845287799835,4.107535278308205e-05,0.025644952431321144,0.016856491565704346,0.08496523648500443,0.0,0.0,0.000615488737821579,0.000993156595623225,,,
132,True,,,,,0.0,,,,,,0.0027576766442507505,0.044437773525714874,8.033138874452561e-05,0.023511219769716263,0.015419934876263142,0.08496656268835068,0.0,0.0,0.0006319827516563237,0.0009930319280858678,,,
133,True,,,,,0.0,,,,,,0.003871997818350792,0.058586061000823975,4.8101712309289724e-05,0.03250446915626526,0.021900136023759842,0.08496791869401932,0.0,0.0,0.0007029874832369387,0.0009929061440887067,,,
134,True,,,,,0.0,,,,,,0.0034727356396615505,0.0541711263358593,6.275133637245744e-05,0.033074185252189636,0.023303266614675522,0.08496928215026855,0.0,0.0,0.000858214043546468,0.0009927792439487235,,,
135,True,,,,,0.0,,,,,,0.003044525161385536,0.042512424290180206,3.079832822550088e-05,0.02691880613565445,0.018757931888103485,0.08497075736522675,0.0,0.0,0.000641872058622539,0.000992651227985712,,,
136,True,,,,,0.0,,,,,,0.002656512660905719,0.05673084408044815,4.308111238060519e-05,0.022652221843600273,0.013451362028717995,0.08497222512960434,0.0,0.0,0.0006725862622261047,0.0009925220965222776,,,
137,True,,,,,0.0,,,,,,0.0009718210203573108,0.02997729554772377,4.181037002126686e-05,0.009067285805940628,0.004227092489600182,0.08497364073991776,0.0,0.0,0.00040682341204956174,0.0009923918498838378,,,
138,True,,,,,0.0,,,,,,0.002666383981704712,0.051739782094955444,8.300004992634058e-05,0.025178343057632446,0.016446731984615326,0.08497490733861923,0.0,0.0,0.0006275843479670584,0.0009922604883986195,,,
139,True,,,,,0.0,,,,,,0.0047283167950809,0.06221996992826462,4.107535278308205e-05,0.037762656807899475,0.025942042469978333,0.08497624844312668,0.0,0.0,0.0007082820520736277,0.0009921280123976596,,,
140,True,,,,,0.0,,,,,,0.003398110857233405,0.05564654618501663,8.033138874452561e-05,0.03025447204709053,0.020401764661073685,0.08497759699821472,0.0,0.0,0.0006791522610001266,0.0009919944222148034,,,
141,True,,,,,0.0,,,,,,0.0046317242085933685,0.05644531920552254,4.8101712309289724e-05,0.036004357039928436,0.024854261428117752,0.08497896045446396,0.0,0.0,0.0008610194781795144,0.0009918597181867038,,,
142,True,,,,,0.0,,,,,,0.0025611529126763344,0.045375291258096695,6.275133637245744e-05,0.024938002228736877,0.016958137974143028,0.0849805474281311,0.0,0.0,0.000675648043397814,0.0009917239006528207,,,
143,True,,,,,0.0,,,,,,0.0032265991903841496,0.051697663962841034,3.079832822550088e-05,0.03189544379711151,0.022633856162428856,0.08498209714889526,0.0,0.0,0.0008077778038568795,0.0009915869699554205,,,
144,True,,,,,0.0,,,,,,0.003029144834727049,0.03775697946548462,4.308111238060519e-05,0.02612449787557125,0.018448278307914734,0.08498380333185196,0.0,0.0,0.0007342274766415358,0.0009914489264395744,,,
145,True,,,,,0.0,,,,,,0.001496784621849656,0.043522901833057404,4.181037002126686e-05,0.015825148671865463,0.009105313569307327,0.08498553931713104,0.0,0.0,0.0005390915903262794,0.0009913097704531582,,,
146,True,,,,,0.0,,,,,,0.0048688855022192,0.07208225131034851,8.300004992634058e-05,0.04567166417837143,0.032703179866075516,0.08498729020357132,0.0,0.0,0.000833360361866653,0.000991169502346851,,,
147,True,,,,,0.0,,,,,,0.003014517482370138,0.051067568361759186,4.107535278308205e-05,0.026416879147291183,0.01742517575621605,0.08498921245336533,0.0,0.0,0.000700352480635047,0.0009910281224741347,,,
148,True,,,,,0.0,,,,,,0.0014865425182506442,0.037307046353816986,8.033138874452561e-05,0.016870440915226936,0.010763115249574184,0.08499114215373993,0.0,0.0,0.0006603504298254848,0.0009908856311912923,,,
149,True,,,,,0.0,,,,,,0.004925883375108242,0.06423872709274292,4.8101712309289724e-05,0.04503225162625313,0.032808512449264526,0.08499308675527573,0.0,0.0,0.00089238554937765,0.0009907420288574086,,,
150,True,,,,,0.0,,,,,,0.005229562520980835,0.06572389602661133,6.275133637245744e-05,0.03886943310499191,0.026186153292655945,0.08499524742364883,0.0,0.0,0.0008682526531629264,0.0009905973158343673,,,
151,True,,,,,0.0,,,,,,0.0015387296443805099,0.05455039441585541,3.079832822550088e-05,0.017337020486593246,0.009477879852056503,0.08499734103679657,0.0,0.0,0.0005855312920175493,0.0009904514924868521,,,
152,True,,,,,0.0,,,,,,0.0015762660186737776,0.037829406559467316,4.308111238060519e-05,0.016021670773625374,0.009790929034352303,0.08499932289123535,0.0,0.0,0.0005337189068086445,0.0009903045591823435,,,
153,True,,,,,0.0,,,,,,0.0057832589372992516,0.07735799998044968,4.181037002126686e-05,0.04155004024505615,0.02716005966067314,0.08500126749277115,0.0,0.0,0.0008349517593160272,0.0009901565162911204,,,
154,True,,,,,0.0,,,,,,0.002087996806949377,0.04293766990303993,8.300004992634058e-05,0.021346118301153183,0.014072820544242859,0.0850033089518547,0.0,0.0,0.0007006663363426924,0.000990007364186257,,,
155,True,,,,,0.0,,,,,,0.0031661547254770994,0.05357278883457184,4.107535278308205e-05,0.028056228533387184,0.01866220310330391,0.08500538021326065,0.0,0.0,0.000770126876886934,0.0009898571032436233,,,
156,True,,,,,0.0,,,,,,0.003322733100503683,0.057317353785037994,8.033138874452561e-05,0.029255453497171402,0.019310742616653442,0.08500760048627853,0.0,0.0,0.0006316940998658538,0.0009897057338418835,,,
157,True,,,,,0.0,,,,,,0.0037155819591134787,0.05103515088558197,4.8101712309289724e-05,0.03257717937231064,0.022883933037519455,0.08500982820987701,0.0,0.0,0.0007978453068062663,0.000989553256362495,,,
158,True,,,,,0.0,,,,,,0.004654652439057827,0.054543331265449524,6.275133637245744e-05,0.03708166629076004,0.026091188192367554,0.0850120484828949,0.0,0.0,0.0007929354906082153,0.0009893996711897077,,,
159,True,,,,,0.0,,,,,,0.003457391168922186,0.051239944994449615,3.079832822550088e-05,0.030687209218740463,0.02124028094112873,0.08501432836055756,0.0,0.0,0.0007504384848289192,0.000989244978710563,,,
160,True,,,,,0.0,,,,,,0.002790166065096855,0.0409323014318943,4.308111238060519e-05,0.024435926228761673,0.016680823639035225,0.08501659333705902,0.0,0.0,0.0007028515101410449,0.0009890891793148924,,,
161,True,,,,,0.0,,,,,,0.001282538054510951,0.05122528225183487,4.181037002126686e-05,0.014697777107357979,0.007421616464853287,0.0850188285112381,0.0,0.0,0.0005108836921863258,0.0009889322733953175,,,
162,True,,,,,0.0,,,,,,0.0038044031243771315,0.05880305916070938,8.300004992634058e-05,0.03585797920823097,0.02528156340122223,0.08502089977264404,0.0,0.0,0.0007324229809455574,0.000988774261347248,,,
163,True,,,,,0.0,,,,,,0.0038191997446119785,0.0632270872592926,4.107535278308205e-05,0.035927798599004745,0.024915121495723724,0.0850229412317276,0.0,0.0,0.0007557547651231289,0.0009886151435688814,,,
164,True,,,,,0.0,,,,,,0.0029202511068433523,0.046230729669332504,8.033138874452561e-05,0.028274230659008026,0.019840490072965622,0.0850251168012619,0.0,0.0,0.0007075432222336531,0.000988454920461201,,,
165,True,,,,,0.0,,,,,,0.004002380184829235,0.05323883146047592,4.8101712309289724e-05,0.03613486513495445,0.025934278964996338,0.0850272998213768,0.0,0.0,0.0007428394164890051,0.0009882935924279761,,,
166,True,,,,,0.0,,,,,,0.0036066058091819286,0.05733535438776016,6.275133637245744e-05,0.0330706387758255,0.02284882962703705,0.08502940088510513,0.0,0.0,0.0006537016597576439,0.0009881311598757608,,,
167,True,,,,,0.0,,,,,,0.0044929152354598045,0.06763797998428345,3.079832822550088e-05,0.039844807237386703,0.027722379192709923,0.08503149449825287,0.0,0.0,0.0009082067990675569,0.0009879676232138917,,,
168,True,,,,,0.0,,,,,,0.003438419196754694,0.04919615387916565,4.308111238060519e-05,0.03073320910334587,0.02150329388678074,0.08503378182649612,0.0,0.0,0.0006620162748731673,0.0009878029828544888,,,
169,True,,,,,0.0,,,,,,0.003127884818241,0.06938520818948746,4.181037002126686e-05,0.03356001526117325,0.02262234315276146,0.08503611385822296,0.0,0.0,0.0007410976686514914,0.0009876372392124528,,,
170,True,,,,,0.0,,,,,,0.006473217159509659,0.05601772665977478,8.300004992634058e-05,0.05108765512704849,0.038120776414871216,0.08503851294517517,0.0,0.0,0.0010678422404453158,0.0009874703927054648,,,
171,True,,,,,0.0,,,,,,0.005836829077452421,0.06515029072761536,4.107535278308205e-05,0.046094074845314026,0.032871268689632416,0.08504095673561096,0.0,0.0,0.0007812768453732133,0.0009873024437539852,,,
172,True,,,,,0.0,,,,,,0.0019055800512433052,0.0376862958073616,8.033138874452561e-05,0.017701517790555954,0.011136708781123161,0.08504343777894974,0.0,0.0,0.0005955162341706455,0.0009871333927812531,,,
173,True,,,,,0.0,,,,,,0.0020402835216373205,0.05601152777671814,4.8101712309289724e-05,0.02259817160665989,0.014082226902246475,0.08504581451416016,0.0,0.0,0.0006808183388784528,0.000986963240213284,,,
174,True,,,,,0.0,,,,,,0.0031425454653799534,0.06386812776327133,6.275133637245744e-05,0.030378242954611778,0.019967027008533478,0.08504819869995117,0.0,0.0,0.0006022605230100453,0.0009867919864788698,,,
175,True,,,,,0.0,,,,,,0.005334846675395966,0.0657234787940979,3.079832822550088e-05,0.04732288420200348,0.034549783915281296,0.08505049347877502,0.0,0.0,0.000920558872167021,0.0009866196320095777,,,
176,True,,,,,0.0,,,,,,0.0017931638285517693,0.03998354822397232,4.308111238060519e-05,0.019557112827897072,0.012893522158265114,0.08505309373140335,0.0,0.0,0.0006184576195664704,0.000986446177239748,,,
177,True,,,,,0.0,,,,,,0.003904019482433796,0.04824884980916977,4.181037002126686e-05,0.03383440151810646,0.024234037846326828,0.08505558967590332,0.0,0.0,0.0008848831639625132,0.0009862716226064945,,,
178,True,,,,,0.0,,,,,,0.005483737215399742,0.06715396791696548,8.300004992634058e-05,0.04758979380130768,0.03449857607483864,0.08505834639072418,0.0,0.0,0.0009702753741294146,0.0009860959685497029,,,
179,True,,,,,0.0,,,,,,0.0035541621036827564,0.04882185161113739,4.107535278308205e-05,0.031696248799562454,0.022388748824596405,0.08506125956773758,0.0,0.0,0.0007837713928893209,0.0009859192155120286,,,
180,True,,,,,0.0,,,,,,0.004444257356226444,0.04765259101986885,8.033138874452561e-05,0.03729918599128723,0.02719886414706707,0.08506418019533157,0.0,0.0,0.0008317831088788807,0.000985741363938897,,,
181,True,,,,,0.0,,,,,,0.003036891808733344,0.04022233188152313,4.8101712309289724e-05,0.029171017929911613,0.021237172186374664,0.0850670337677002,0.0,0.0,0.0007301925215870142,0.0009855624142785023,,,
182,True,,,,,0.0,,,,,,0.0014821288641542196,0.03617878630757332,6.275133637245744e-05,0.01512847375124693,0.009146392345428467,0.08506981283426285,0.0,0.0,0.0005734442383982241,0.000985382366981805,,,
183,True,,,,,0.0,,,,,,0.003969086334109306,0.05546129494905472,3.079832822550088e-05,0.03385727107524872,0.023475930094718933,0.08507264405488968,0.0,0.0,0.0011620555305853486,0.000985201222502532,,,
184,True,,,,,0.0,,,,,,0.004125440027564764,0.05194028466939926,4.308111238060519e-05,0.0365111269056797,0.026319364085793495,0.08507561683654785,0.0,0.0,0.005444771144539118,0.0009850189812971757,,,
185,True,,,,,0.0,,,,,,0.002670587971806526,0.0470089465379715,4.181037002126686e-05,0.025836633518338203,0.017593465745449066,0.08507801592350006,0.0,0.0,0.0006284706760197878,0.000984835643824992,,,
186,True,,,,,0.0,,,,,,0.003680827096104622,0.05570681020617485,8.300004992634058e-05,0.035500869154930115,0.02535705640912056,0.08508053421974182,0.0,0.0,0.0008144581806845963,0.0009846512105479988,,,
187,True,,,,,0.0,,,,,,0.0014371282886713743,0.031408652663230896,4.107535278308205e-05,0.015343629755079746,0.009894264861941338,0.08508338034152985,0.0,0.0,0.00047507043927907944,0.0009844656819309762,,,
188,True,,,,,0.0,,,,,,0.002580479718744755,0.04200555011630058,8.033138874452561e-05,0.020567433908581734,0.0128953717648983,0.08508622646331787,0.0,0.0,0.0006587496027350426,0.0009842790584414648,,,
189,True,,,,,0.0,,,,,,0.00440228683874011,0.06452005356550217,4.8101712309289724e-05,0.04331368952989578,0.03158445283770561,0.08508916944265366,0.0,0.0,0.0009165920782834291,0.0009840913405497634,,,
190,True,,,,,0.0,,,,,,0.003578541334718466,0.057353146374225616,6.275133637245744e-05,0.0320894829928875,0.021893329918384552,0.08509229868650436,0.0,0.0,0.0008090979536063969,0.00098390252872893,,,
191,True,,,,,0.0,,,,,,0.0024968257639557123,0.047584809362888336,3.079832822550088e-05,0.022408515214920044,0.014286855235695839,0.08509552478790283,0.0,0.0,0.0007081679650582373,0.000983712623454778,,,
192,True,,,,,0.0,,,,,,0.004520613234490156,0.053817085921764374,4.308111238060519e-05,0.036187686026096344,0.02541283518075943,0.08509885519742966,0.0,0.0,0.0008207567152567208,0.0009835216252058769,,,
193,True,,,,,0.0,,,,,,0.0036834292113780975,0.059422269463539124,4.181037002126686e-05,0.03395048901438713,0.02345290407538414,0.08510249108076096,0.0,0.0,0.0007946327677927911,0.000983329534463551,,,
194,True,,,,,0.0,,,,,,0.0013464950025081635,0.04598375782370567,8.300004992634058e-05,0.01492448803037405,0.008087054826319218,0.0851062536239624,0.0,0.0,0.0006502098403871059,0.0009831363517118774,,,
195,True,,,,,0.0,,,,,,0.003244195133447647,0.05568419396877289,4.107535278308205e-05,0.029108498245477676,0.01942424848675728,0.08510980010032654,0.0,0.0,0.000732635089661926,0.0009829420774376846,,,
196,True,,,,,0.0,,,,,,0.0041361283510923386,0.06432193517684937,8.033138874452561e-05,0.038232993334531784,0.026773368939757347,0.08511339128017426,0.0,0.0,0.0007079396746121347,0.0009827467121305527,,,
197,True,,,,,0.0,,,,,,0.0028513013385236263,0.03904154524207115,4.8101712309289724e-05,0.025955719873309135,0.018325041979551315,0.08511703461408615,0.0,0.0,0.0008230531821027398,0.0009825502562828107,,,
198,True,,,,,0.0,,,,,,0.004348457790911198,0.06565358489751816,6.275133637245744e-05,0.036513492465019226,0.024717092514038086,0.08512061834335327,0.0,0.0,0.0006871253717690706,0.000982352710389536,,,
199,True,,,,,0.0,,,,,,0.002629562746733427,0.05157299339771271,3.079832822550088e-05,0.02762201800942421,0.01896851509809494,0.08512423932552338,0.0,0.0,0.0005477088852785528,0.0009821540749485526,,,
200,True,,,,,0.0,,,,,,0.00289720855653286,0.057154614478349686,4.308111238060519e-05,0.025234242901206017,0.015748756006360054,0.0851275846362114,0.0,0.0,0.0005974617670290172,0.0009819543504604308,0.0004028075468768664,0.00038256226867875364,2.223862917042375e-05
201,True,,,,,0.0,,,,,,0.004957843571901321,0.06033710390329361,4.181037002126686e-05,0.04345221072435379,0.031588442623615265,0.08513079583644867,0.0,0.0,0.0008894536877050996,0.0009817535374284849,,,
202,True,,,,,0.0,,,,,,0.004108553286641836,0.0577257014811039,8.300004992634058e-05,0.038760341703891754,0.027986377477645874,0.08513420075178146,0.0,0.0,0.0010055163875222206,0.0009815516363587723,,,
203,True,,,,,0.0,,,,,,0.003403108101338148,0.05478247255086899,4.107535278308205e-05,0.028871338814496994,0.019118066877126694,0.08513785898685455,0.0,0.0,0.0006868636701256037,0.000981348647760093,,,
204,True,,,,,0.0,,,,,,0.004991411231458187,0.060265008360147476,8.033138874452561e-05,0.042391903698444366,0.03048241138458252,0.08514133095741272,0.0,0.0,0.000859499501530081,0.0009811445721439863,,,
205,True,,,,,0.0,,,,,,0.002605514135211706,0.046392422169446945,4.8101712309289724e-05,0.025125831365585327,0.01700557768344879,0.08514463156461716,0.0,0.0,0.0006869729841127992,0.0009809394100247326,,,
206,True,,,,,0.0,,,,,,0.004580606706440449,0.0508032962679863,6.275133637245744e-05,0.03875912353396416,0.028215331956744194,0.08514787256717682,0.0,0.0,0.0007934049353934824,0.000980733161919349,,,
207,True,,,,,0.0,,,,,,0.001618698937818408,0.035535141825675964,3.079832822550088e-05,0.016706645488739014,0.010667521506547928,0.08515121787786484,0.0,0.0,0.0005438788793981075,0.0009805258283475896,,,
208,True,,,,,0.0,,,,,,0.003767090616747737,0.059104613959789276,4.308111238060519e-05,0.030533676967024803,0.019983040168881416,0.0851544514298439,0.0,0.0,0.0007408055244013667,0.0009803174098319443,,,
209,True,,,,,0.0,,,,,,0.002901863306760788,0.056652460247278214,4.181037002126686e-05,0.029581274837255478,0.020141683518886566,0.0851576179265976,0.0,0.0,0.0006850486970506608,0.0009801079068976367,,,
210,True,,,,,0.0,,,,,,0.003918535076081753,0.06064753234386444,8.300004992634058e-05,0.03282560035586357,0.02194920741021633,0.08516067266464233,0.0,0.0,0.0007727251504547894,0.0009798973200726233,,,
211,True,,,,,0.0,,,,,,0.001929715508595109,0.04168938100337982,4.107535278308205e-05,0.018559500575065613,0.011588672176003456,0.08516360074281693,0.0,0.0,0.0006546219228766859,0.0009796856498875922,,,
212,True,,,,,0.0,,,,,,0.005638451781123877,0.06122449040412903,8.033138874452561e-05,0.0477275475859642,0.03507481515407562,0.08516651391983032,0.0,0.0,0.0009650291758589447,0.0009794728968759616,,,
213,True,,,,,0.0,,,,,,0.004890637472271919,0.05500440299510956,4.8101712309289724e-05,0.03966251015663147,0.02839568629860878,0.08516927063465118,0.0,0.0,0.0006854843231849372,0.000979259061573878,,,
214,True,,,,,0.0,,,,,,0.002011643722653389,0.04576076567173004,6.275133637245744e-05,0.020632075145840645,0.013161258772015572,0.08517197519540787,0.0,0.0,0.0006553779821842909,0.0009790441445202162,,,
215,True,,,,,0.0,,,,,,0.0034808553755283356,0.0596197247505188,3.079832822550088e-05,0.027097929269075394,0.016787953674793243,0.08517467230558395,0.0,0.0,0.0007567104185000062,0.0009788281462565762,,,
216,True,,,,,0.0,,,,,,0.005482157226651907,0.06665413081645966,4.308111238060519e-05,0.048456210643053055,0.035435326397418976,0.08517736941576004,0.0,0.0,0.0009084463235922158,0.0009786110673272832,,,
217,True,,,,,0.0,,,,,,0.0029014847241342068,0.045587800443172455,4.181037002126686e-05,0.02895001694560051,0.0206170454621315,0.08518008142709732,0.0,0.0,0.0009208734263665974,0.0009783929082793858,,,
218,True,,,,,0.0,,,,,,0.0011039598612114787,0.026593025773763657,8.300004992634058e-05,0.012015316635370255,0.007358725182712078,0.08518284559249878,0.0,0.0,0.0005010307650081813,0.0009781736696626536,,,
219,True,,,,,0.0,,,,,,0.0017471229657530785,0.04187871515750885,4.107535278308205e-05,0.018193338066339493,0.01138595212250948,0.08518549054861069,0.0,0.0,0.00048639040323905647,0.0009779533520295784,,,
220,True,,,,,0.0,,,,,,0.004965019878000021,0.058967072516679764,8.033138874452561e-05,0.04044826328754425,0.02869448810815811,0.08518801629543304,0.0,0.0,0.0008633945835754275,0.0009777319559353696,,,
221,True,,,,,0.0,,,,,,0.002079734578728676,0.04406648501753807,4.8101712309289724e-05,0.019267434254288673,0.011905090883374214,0.08519092947244644,0.0,0.0,0.0005764893139712512,0.0009775094819379554,,,
222,True,,,,,0.0,,,,,,0.0018287161365151405,0.04535546526312828,6.275133637245744e-05,0.01954294927418232,0.012295371852815151,0.08519382029771805,0.0,0.0,0.0005232022958807647,0.0009772859305979796,,,
223,True,,,,,0.0,,,,,,0.010079110972583294,0.09030648320913315,3.079832822550088e-05,0.08371493220329285,0.06373780965805054,0.08519647270441055,0.0,0.0,0.0012271665036678314,0.000977061302478802,,,
224,True,,,,,0.0,,,,,,0.0026063062250614166,0.04590801149606705,4.308111238060519e-05,0.024103794246912003,0.016033150255680084,0.08519953489303589,0.0,0.0,0.0006276298081502318,0.0009768355981464943,,,
225,True,,,,,0.0,,,,,,0.0021273766178637743,0.03686903417110443,4.181037002126686e-05,0.019173843786120415,0.012486632913351059,0.08520244807004929,0.0,0.0,0.00048716014134697616,0.0009766088181698421,,,
226,True,,,,,0.0,,,,,,0.007890398614108562,0.0807226151227951,8.300004992634058e-05,0.06382469087839127,0.046968474984169006,0.08520522713661194,0.0,0.0,0.000811251113191247,0.0009763809631203406,,,
227,True,,,,,0.0,,,,,,0.002949467860162258,0.03955056518316269,4.107535278308205e-05,0.027481017634272575,0.019703874364495277,0.08520814031362534,0.0,0.0,0.0009915814734995365,0.0009761520335721943,,,
228,True,,,,,0.0,,,,,,0.002115433569997549,0.042170993983745575,8.033138874452561e-05,0.0196986123919487,0.012473800219595432,0.08521134406328201,0.0,0.0,0.0005699969478882849,0.000975922030102316,,,
229,True,,,,,0.0,,,,,,0.0020164353772997856,0.03271576017141342,4.8101712309289724e-05,0.01944402977824211,0.013279823586344719,0.08521439880132675,0.0,0.0,0.0006062520551495254,0.000975690953290324,,,
230,True,,,,,0.0,,,,,,0.0036488499026745558,0.052300311625003815,6.275133637245744e-05,0.0313294418156147,0.02156701311469078,0.08521728962659836,0.0,0.0,0.0006844165036454797,0.0009754588037185425,,,
231,True,,,,,0.0,,,,,,0.0031906398944556713,0.05344326049089432,3.079832822550088e-05,0.027801912277936935,0.018399346619844437,0.08522004634141922,0.0,0.0,0.0006478058057837188,0.0009752255819719982,,,
232,True,,,,,0.0,,,,,,0.0020519017707556486,0.04492160677909851,4.308111238060519e-05,0.020613860338926315,0.013196030631661415,0.08522272109985352,0.0,0.0,0.0006334451027214527,0.00097499128863842,,,
233,True,,,,,0.0,,,,,,0.004426413681358099,0.05944790691137314,4.181037002126686e-05,0.0377454049885273,0.026501040905714035,0.0852254256606102,0.0,0.0,0.0008859352092258632,0.0009747559243082378,,,
234,True,,,,,0.0,,,,,,0.0031966629903763533,0.04348029941320419,8.300004992634058e-05,0.02832801826298237,0.01988954469561577,0.08522819727659225,0.0,0.0,0.0008144649909809232,0.0009745194895745795,,,
235,True,,,,,0.0,,,,,,0.009651141241192818,0.09100461006164551,4.107535278308205e-05,0.08262279629707336,0.06299834698438644,0.08523059636354446,0.0,0.0,0.0011918144300580025,0.0009742819850332712,,,
236,True,,,,,0.0,,,,,,0.004117497708648443,0.05578437075018883,8.033138874452561e-05,0.03949911147356033,0.028910677880048752,0.08523319661617279,0.0,0.0,0.000793072918895632,0.0009740434112828346,,,
237,True,,,,,0.0,,,,,,0.003916032612323761,0.054595574736595154,4.8101712309289724e-05,0.03170705959200859,0.021455056965351105,0.08523595333099365,0.0,0.0,0.0007317962008528411,0.0009738037689244862,,,
238,True,,,,,0.0,,,,,,0.0022794774267822504,0.046992458403110504,6.275133637245744e-05,0.022165749222040176,0.014303263276815414,0.0852387472987175,0.0,0.0,0.0006040114094503224,0.000973563058562135,,,
239,True,,,,,0.0,,,,,,0.0014482892584055662,0.0582161620259285,3.079832822550088e-05,0.01940290257334709,0.011265183798968792,0.0852414071559906,0.0,0.0,0.0006403533625416458,0.0009733212808023815,,,
240,True,,,,,0.0,,,,,,0.0028903221245855093,0.042319513857364655,4.308111238060519e-05,0.02535351552069187,0.01735725998878479,0.08524414151906967,0.0,0.0,0.0008006603457033634,0.0009730784362545165,,,
241,True,,,,,0.0,,,,,,0.0011780456406995654,0.036409083753824234,4.181037002126686e-05,0.01258303876966238,0.006890713237226009,0.08524663001298904,0.0,0.0,0.00047685421304777265,0.0009728345255305187,,,
242,True,,,,,0.0,,,,,,0.003884786507114768,0.050389811396598816,8.300004992634058e-05,0.03482111915946007,0.025003358721733093,0.08524903655052185,0.0,0.0,0.0007744265021756291,0.0009725895492450539,,,
243,True,,,,,0.0,,,,,,0.0029666456393897533,0.04738282039761543,4.107535278308205e-05,0.026209190487861633,0.017631210386753082,0.0852513313293457,0.0,0.0,0.0005924993893131614,0.0009723435080154729,,,
244,True,,,,,0.0,,,,,,0.0028704821597784758,0.04056697338819504,8.033138874452561e-05,0.02438400313258171,0.016564123332500458,0.08525349944829941,0.0,0.0,0.00062939478084445,0.0009720964024618103,,,
245,True,,,,,0.0,,,,,,0.004135490860790014,0.057420514523983,4.8101712309289724e-05,0.03636288270354271,0.025608735159039497,0.08525560051202774,0.0,0.0,0.0008321570931002498,0.0009718482332067832,,,
246,True,,,,,0.0,,,,,,0.0019980010110884905,0.04343751072883606,6.275133637245744e-05,0.017801683396100998,0.010575976222753525,0.08525795489549637,0.0,0.0,0.0006731231114827096,0.0009715990008757884,,,
247,True,,,,,0.0,,,,,,0.0032830038107931614,0.04410908371210098,3.079832822550088e-05,0.02941286191344261,0.02085094526410103,0.08526045083999634,0.0,0.0,0.000807611329946667,0.000971348706096903,,,
248,True,,,,,0.0,,,,,,0.0026998459361493587,0.044612523168325424,4.308111238060519e-05,0.02676439844071865,0.018729127943515778,0.08526313304901123,0.0,0.0,0.0006453415844589472,0.0009710973495008799,,,
249,True,,,,,0.0,,,,,,0.004667700733989477,0.056870974600315094,4.181037002126686e-05,0.03806137293577194,0.026833008974790573,0.08526585251092911,0.0,0.0,0.0007907705148681998,0.0009708449317211496,,,
250,True,,,,,0.0,,,,,,0.005030216183513403,0.05612967535853386,8.300004992634058e-05,0.04498589411377907,0.03344852477312088,0.08526868373155594,0.0,0.0,0.0007402321207337081,0.0009705914533938151,,,
251,True,,,,,0.0,,,,,,0.0037864416372030973,0.04537174850702286,4.107535278308205e-05,0.0325414203107357,0.023344550281763077,0.08527149260044098,0.0,0.0,0.0007578479708172381,0.0009703369151576535,,,
252,True,,,,,0.0,,,,,,0.005624385084956884,0.07668134570121765,8.033138874452561e-05,0.047248199582099915,0.03306277096271515,0.08527415990829468,0.0,0.0,0.0007974306354299188,0.0009700813176541119,,,
253,True,,,,,0.0,,,,,,0.004829270299524069,0.07075369358062744,4.8101712309289724e-05,0.04032650589942932,0.02754504606127739,0.08527706563472748,0.0,0.0,0.0009002904989756644,0.0009698246615273073,,,
254,True,,,,,0.0,,,,,,0.002944564912468195,0.050895001739263535,6.275133637245744e-05,0.026261476799845695,0.01734323240816593,0.08528026938438416,0.0,0.0,0.0005748503608629107,0.0009695669474240243,,,
255,True,,,,,0.0,,,,,,0.0026145277079194784,0.04192175716161728,3.079832822550088e-05,0.02592669427394867,0.018251758068799973,0.08528340607881546,0.0,0.0,0.0006821398856118321,0.0009693081759937137,,,
256,True,,,,,0.0,,,,,,0.004238609224557877,0.05964474752545357,4.308111238060519e-05,0.036856502294540405,0.025779014453291893,0.08528658747673035,0.0,0.0,0.0006421259604394436,0.0009690483478884909,,,
257,True,,,,,0.0,,,,,,0.0025385187473148108,0.04352746903896332,4.181037002126686e-05,0.022235902026295662,0.014470832422375679,0.08528990298509598,0.0,0.0,0.00062104023527354,0.000968787463763134,,,
258,True,,,,,0.0,,,,,,0.003638296155259013,0.056896768510341644,8.300004992634058e-05,0.027836346998810768,0.017613939940929413,0.085293248295784,0.0,0.0,0.0006654032622464001,0.0009685255242750825,,,
259,True,,,,,0.0,,,,,,0.003206444438546896,0.04356777295470238,4.107535278308205e-05,0.026491129770874977,0.018054407089948654,0.08529634773731232,0.0,0.0,0.0007769771618768573,0.000968262530084435,,,
260,True,,,,,0.0,,,,,,0.001710447482764721,0.03832448273897171,8.033138874452561e-05,0.0168706513941288,0.010434597730636597,0.08529936522245407,0.0,0.0,0.0005149486823938787,0.0009679984818539486,,,
261,True,,,,,0.0,,,,,,0.0014401491498574615,0.03517117351293564,4.8101712309289724e-05,0.01369890384376049,0.007864564657211304,0.08530212938785553,0.0,0.0,0.0004948611604049802,0.0009677333802490365,,,
262,True,,,,,0.0,,,,,,0.004475404508411884,0.05155456066131592,6.275133637245744e-05,0.04221922531723976,0.03170394152402878,0.08530484139919281,0.0,0.0,0.000730178551748395,0.0009674672259377661,,,
263,True,,,,,0.0,,,,,,0.0026230120565742254,0.04918792471289635,3.079832822550088e-05,0.02122432366013527,0.012814043089747429,0.08530759811401367,0.0,0.0,0.0006305982824414968,0.0009672000195908577,,,
264,True,,,,,0.0,,,,,,0.0019924419466406107,0.050207313150167465,4.308111238060519e-05,0.019816450774669647,0.011928634718060493,0.08531029522418976,0.0,0.0,0.0004913152661174536,0.0009669317618816834,,,
265,True,,,,,0.0,,,,,,0.0037192367017269135,0.0555381253361702,4.181037002126686e-05,0.029747767373919487,0.019600683823227882,0.08531282842159271,0.0,0.0,0.0007115132757462561,0.0009666624534862641,,,
266,True,,,,,0.0,,,,,,0.001735194935463369,0.022659217938780785,8.300004992634058e-05,0.014242221601307392,0.009346449747681618,0.08531549572944641,0.0,0.0,0.0005145549075677991,0.000966392095083269,,,
267,True,,,,,0.0,,,,,,0.002677671378478408,0.04793224483728409,4.107535278308205e-05,0.024205762892961502,0.0158611498773098,0.08531816303730011,0.0,0.0,0.0005347835831344128,0.0009661206873540126,,,
268,True,,,,,0.0,,,,,,0.002632221207022667,0.04711414501070976,8.033138874452561e-05,0.026483982801437378,0.018246974796056747,0.08532076328992844,0.0,0.0,0.0006892975070513785,0.0009658482309824545,,,
269,True,,,,,0.0,,,,,,0.00406596390530467,0.05394663289189339,4.8101712309289724e-05,0.0332207977771759,0.022882886230945587,0.08532334119081497,0.0,0.0,0.000703885336406529,0.0009655747266551966,,,
270,True,,,,,0.0,,,,,,0.0034431712701916695,0.06367529928684235,6.275133637245744e-05,0.029221320524811745,0.01852598413825035,0.08532605320215225,0.0,0.0,0.0006672067102044821,0.0009653001750614818,,,
271,True,,,,,0.0,,,,,,0.00506925955414772,0.07008872181177139,3.079832822550088e-05,0.046249426901340485,0.03330260515213013,0.08532880991697311,0.0,0.0,0.0008109319605864584,0.0009650245768931922,,,
272,True,,,,,0.0,,,,,,0.0017328321700915694,0.03880258649587631,4.308111238060519e-05,0.018689732998609543,0.01220178697258234,0.0853314995765686,0.0,0.0,0.0005932014319114387,0.0009647479328448469,,,
273,True,,,,,0.0,,,,,,0.003724121255800128,0.050887204706668854,4.181037002126686e-05,0.03271232545375824,0.023025233298540115,0.08533433079719543,0.0,0.0,0.000742159376386553,0.0009644702436136012,,,
274,True,,,,,0.0,,,,,,0.004104760941118002,0.054063960909843445,8.300004992634058e-05,0.039002083241939545,0.028596056625247,0.08533722162246704,0.0,0.0,0.0009965841891244054,0.0009641915098992443,,,
275,True,,,,,0.0,,,,,,0.0022421865724027157,0.03305568918585777,4.107535278308205e-05,0.02107950672507286,0.014657808467745781,0.0853404700756073,0.0,0.0,0.0006605247617699206,0.000963911732404197,,,
276,True,,,,,0.0,,,,,,0.0031976893078535795,0.05900251865386963,8.033138874452561e-05,0.029112650081515312,0.01912110671401024,0.08534364402294159,0.0,0.0,0.000948673696257174,0.0009636309118335108,,,
277,True,,,,,0.0,,,,,,0.003998308442533016,0.05771375447511673,4.8101712309289724e-05,0.035956330597400665,0.02530912682414055,0.08534707129001617,0.0,0.0,0.0008252572733908892,0.0009633490488948658,,,
278,True,,,,,0.0,,,,,,0.004696391522884369,0.053401701152324677,6.275133637245744e-05,0.04087510332465172,0.029953662306070328,0.08535049855709076,0.0,0.0,0.0007581328973174095,0.0009630661442985692,,,
279,True,,,,,0.0,,,,,,0.0027410718612372875,0.04439434036612511,3.079832822550088e-05,0.02613075263798237,0.018081307411193848,0.0853540450334549,0.0,0.0,0.0006342162960208952,0.0009627821987575525,,,
280,True,,,,,0.0,,,,,,0.00549261225387454,0.07104525715112686,4.308111238060519e-05,0.04514865204691887,0.03167639672756195,0.08535748720169067,0.0,0.0,0.0010202350094914436,0.0009624972129873714,,,
281,True,,,,,0.0,,,,,,0.0036153970286250114,0.04988884925842285,4.181037002126686e-05,0.030566725879907608,0.021087929606437683,0.08536100387573242,0.0,0.0,0.0007249656482599676,0.0009622111877062021,,,
282,True,,,,,0.0,,,,,,0.0036681327037513256,0.061936985701322556,8.300004992634058e-05,0.036003682762384415,0.025246700271964073,0.08536485582590103,0.0,0.0,0.0007209682371467352,0.0009619241236348409,,,
283,True,,,,,0.0,,,,,,0.003469507209956646,0.05561625957489014,4.107535278308205e-05,0.029456276446580887,0.01955091953277588,0.08536854386329651,0.0,0.0,0.0006984964711591601,0.0009616360214967018,,,
284,True,,,,,0.0,,,,,,0.007032387889921665,0.07226163148880005,8.033138874452561e-05,0.060849256813526154,0.045696817338466644,0.08537238836288452,0.0,0.0,0.0010622170520946383,0.0009613468820178147,,,
285,True,,,,,0.0,,,,,,0.0022937478497624397,0.05261176824569702,4.8101712309289724e-05,0.022540176287293434,0.014107432216405869,0.0853767991065979,0.0,0.0,0.0005671766120940447,0.0009610567059268237,,,
286,True,,,,,0.0,,,,,,0.00469207763671875,0.06039112061262131,6.275133637245744e-05,0.04191216826438904,0.03029579296708107,0.08538111299276352,0.0,0.0,0.000739251438062638,0.0009607654939549853,,,
287,True,,,,,0.0,,,,,,0.0032875481992959976,0.042568374425172806,3.079832822550088e-05,0.027666840702295303,0.0192532017827034,0.0853855311870575,0.0,0.0,0.00079198251478374,0.0009604732468361665,,,
288,True,,,,,0.0,,,,,,0.003423992544412613,0.05669359117746353,4.308111238060519e-05,0.029935937374830246,0.01996714621782303,0.08538999408483505,0.0,0.0,0.0005432898178696632,0.0009601799653068426,,,
289,True,,,,,0.0,,,,,,0.0038417500909417868,0.05856427550315857,4.181037002126686e-05,0.03305906802415848,0.022486045956611633,0.08539427071809769,0.0,0.0,0.0006782157579436898,0.000959885650106096,,,
290,True,,,,,0.0,,,,,,0.004907584749162197,0.05845779925584793,8.300004992634058e-05,0.037091996520757675,0.025443146005272865,0.08539866656064987,0.0,0.0,0.0007674295920878649,0.0009595903019756136,,,
291,True,,,,,0.0,,,,,,0.0037833822425454855,0.05625079572200775,4.107535278308205e-05,0.03521086275577545,0.024927834048867226,0.08540298044681549,0.0,0.0,0.0008579402347095311,0.0009592939216596859,,,
292,True,,,,,0.0,,,,,,0.006215664558112621,0.0624430812895298,8.033138874452561e-05,0.047998543828725815,0.03464433550834656,0.08540704101324081,0.0,0.0,0.0008986087050288916,0.000958996509905204,,,
293,True,,,,,0.0,,,,,,0.004084032028913498,0.05779236555099487,4.8101712309289724e-05,0.033946312963962555,0.023204883560538292,0.08541130274534225,0.0,0.0,0.0007070862920954823,0.0009586980674616588,,,
294,True,,,,,0.0,,,,,,0.002266829600557685,0.03797547146677971,6.275133637245744e-05,0.02066134102642536,0.013711435720324516,0.08541535586118698,0.0,0.0,0.0007093147141858935,0.0009583985950811381,,,
295,True,,,,,0.0,,,,,,0.0016970557626336813,0.03644953668117523,3.079832822550088e-05,0.016522416844964027,0.010310815647244453,0.08541916310787201,0.0,0.0,0.0009102405165322125,0.0009580980935183252,,,
296,True,,,,,0.0,,,,,,0.002404383849352598,0.05348598584532738,4.308111238060519e-05,0.024403143674135208,0.01577438786625862,0.0854232981801033,0.0,0.0,0.0006656056502833962,0.0009577965635304973,,,
297,True,,,,,0.0,,,,,,0.0025662798434495926,0.05767713859677315,4.181037002126686e-05,0.025562399998307228,0.016353227198123932,0.08542744815349579,0.0,0.0,0.0005862416001036763,0.0009574940058775234,,,
298,True,,,,,0.0,,,,,,0.002591464202851057,0.04912285879254341,8.300004992634058e-05,0.022129271179437637,0.013729708269238472,0.08543127030134201,0.0,0.0,0.0005920440889894962,0.0009571904213218617,,,
299,True,,,,,0.0,,,,,,0.0037536376621574163,0.05935271829366684,4.107535278308205e-05,0.02950987033545971,0.018946073949337006,0.0854349136352539,0.0,0.0,0.0006588991964235902,0.0009568858106285586,,,
300,True,,,,,0.0,,,,,,0.0037179559003561735,0.05366265028715134,8.033138874452561e-05,0.0328853614628315,0.02290658839046955,0.08543836325407028,0.0,0.0,0.0007026115199550986,0.0009565801745652462,0.00035841292065151115,0.000546295675277128,3.618636538746851e-05
301,True,,,,,0.0,,,,,,0.004637612029910088,0.06653653830289841,4.8101712309289724e-05,0.039319224655628204,0.027149492874741554,0.0854416936635971,0.0,0.0,0.0007706538308411837,0.0009562735139021411,,,
302,True,,,,,0.0,,,,,,0.0035678576678037643,0.049675099551677704,6.275133637245744e-05,0.031709522008895874,0.022288326174020767,0.08544524759054184,0.0,0.0,0.0007787226350046694,0.0009559658294120414,,,
303,True,,,,,0.0,,,,,,0.0019453733693808317,0.04305794835090637,3.079832822550088e-05,0.02047484740614891,0.013353788293898106,0.08544913679361343,0.0,0.0,0.0005550048081204295,0.0009556571218703252,,,
304,True,,,,,0.0,,,,,,0.003408049698919058,0.053399790078401566,4.308111238060519e-05,0.027930865064263344,0.01830676943063736,0.08545275032520294,0.0,0.0,0.000796908512711525,0.0009553473920549491,,,
305,True,,,,,0.0,,,,,,0.004395520314574242,0.0750245526432991,4.181037002126686e-05,0.033607225865125656,0.020833779126405716,0.08545663207769394,0.0,0.0,0.0007401515613310039,0.0009550366407464461,,,
306,True,,,,,0.0,,,,,,0.0032500538509339094,0.04514835402369499,8.300004992634058e-05,0.02787628024816513,0.019215287640690804,0.085460364818573,0.0,0.0,0.0009648852865211666,0.0009547248687279225,,,
307,True,,,,,0.0,,,,,,0.003956134431064129,0.06015315279364586,4.107535278308205e-05,0.038284432142972946,0.027437802404165268,0.08546464145183563,0.0,0.0,0.0009139171452261508,0.0009544120767850578,,,
308,True,,,,,0.0,,,,,,0.004178881179541349,0.06317414343357086,8.033138874452561e-05,0.03738109767436981,0.025989942252635956,0.08546934276819229,0.0,0.0,0.0007664178847335279,0.0009540982657061013,,,
309,True,,,,,0.0,,,,,,0.0027158118318766356,0.0543782040476799,4.8101712309289724e-05,0.02458779700100422,0.015555374324321747,0.08547404408454895,0.0,0.0,0.0006213829037733376,0.0009537834362818706,,,
310,True,,,,,0.0,,,,,,0.002086416818201542,0.05002256855368614,6.275133637245744e-05,0.020437100902199745,0.012462262995541096,0.08547885715961456,0.0,0.0,0.0005974777741357684,0.0009534675893057498,,,
311,True,,,,,0.0,,,,,,0.0034429850056767464,0.04199934005737305,3.079832822550088e-05,0.030897215008735657,0.02238406240940094,0.08548357337713242,0.0,0.0,0.000729702936951071,0.0009531507255736865,,,
312,True,,,,,0.0,,,,,,0.004848930053412914,0.05780692398548126,4.308111238060519e-05,0.038835134357213974,0.027329089120030403,0.0854882299900055,0.0,0.0,0.0010098875500261784,0.0009528328458841915,,,
313,True,,,,,0.0,,,,,,0.005136876832693815,0.06268168985843658,4.181037002126686e-05,0.046410202980041504,0.034129317849874496,0.08549322187900543,0.0,0.0,0.0009604701190255582,0.0009525139510383356,,,
314,True,,,,,0.0,,,,,,0.003980775363743305,0.05388728529214859,8.300004992634058e-05,0.03395445644855499,0.02368846908211708,0.08549857139587402,0.0,0.0,0.0008409799193032086,0.0009521940418397476,,,
315,True,,,,,0.0,,,,,,0.0036150780506432056,0.05346214026212692,4.107535278308205e-05,0.034484390169382095,0.02464751899242401,0.08550383150577545,0.0,0.0,0.000757385219912976,0.0009518731190946126,,,
316,True,,,,,0.0,,,,,,0.0036615272983908653,0.055954333394765854,8.033138874452561e-05,0.028553077951073647,0.01840086281299591,0.08550888299942017,0.0,0.0,0.0007458624895662069,0.0009515511836116701,,,
317,True,,,,,0.0,,,,,,0.001721864566206932,0.031400665640830994,4.8101712309289724e-05,0.017556162551045418,0.011815043166279793,0.08551375567913055,0.0,0.0,0.0005828139837831259,0.0009512282362022114,,,
318,True,,,,,0.0,,,,,,0.001739257713779807,0.04010769724845886,6.275133637245744e-05,0.01954910345375538,0.012912512756884098,0.08551868796348572,0.0,0.0,0.0007210744661279023,0.0009509042776800781,,,
319,True,,,,,0.0,,,,,,0.004524907097220421,0.061759620904922485,3.079832822550088e-05,0.038100168108940125,0.02652866020798683,0.08552368730306625,0.0,0.0,0.0008461424731649458,0.0009505793088616599,,,
320,True,,,,,0.0,,,,,,0.0032550841569900513,0.05736995115876198,4.308111238060519e-05,0.02821500599384308,0.01834610104560852,0.08552864193916321,0.0,0.0,0.0006216304609552026,0.0009502533305658923,,,
321,True,,,,,0.0,,,,,,0.0020969961769878864,0.04045914113521576,4.181037002126686e-05,0.019817113876342773,0.012797963805496693,0.08553342521190643,0.0,0.0,0.0004546973796095699,0.0009499263436142551,,,
322,True,,,,,0.0,,,,,,0.0015759154921397567,0.03588671237230301,8.300004992634058e-05,0.016873974353075027,0.010812508873641491,0.08553797006607056,0.0,0.0,0.0005412743776105344,0.0009495983488307695,,,
323,True,,,,,0.0,,,,,,0.0031990264542400837,0.04662474989891052,4.107535278308205e-05,0.03158511221408844,0.022847652435302734,0.08554212003946304,0.0,0.0,0.0007310060318559408,0.0009492693470419966,,,
324,True,,,,,0.0,,,,,,0.0028344006277620792,0.05074761435389519,8.033138874452561e-05,0.024390628561377525,0.015585838817059994,0.08554620295763016,0.0,0.0,0.0006426822510547936,0.0009489393390770353,,,
325,True,,,,,0.0,,,,,,0.002780422568321228,0.055091217160224915,4.8101712309289724e-05,0.024237943813204765,0.015068846754729748,0.08555036783218384,0.0,0.0,0.0006171505083329976,0.0009486083257675203,,,
326,True,,,,,0.0,,,,,,0.002653229981660843,0.044885531067848206,6.275133637245744e-05,0.024868391454219818,0.016839688643813133,0.08555427193641663,0.0,0.0,0.0005861876416020095,0.0009482763079476192,,,
327,True,,,,,0.0,,,,,,0.004233168438076973,0.05140494927763939,3.079832822550088e-05,0.036883287131786346,0.02663864567875862,0.08555813133716583,0.0,0.0,0.0008724224753677845,0.0009479432864540319,,,
328,True,,,,,0.0,,,,,,0.0026355364825576544,0.04099578410387039,4.308111238060519e-05,0.02344156801700592,0.015829291194677353,0.08556206524372101,0.0,0.0,0.0005592028610408306,0.0009476092621259867,,,
329,True,,,,,0.0,,,,,,0.003932637628167868,0.06087445467710495,4.181037002126686e-05,0.034089941531419754,0.023193296045064926,0.08556599169969559,0.0,0.0,0.0008643052424304187,0.0009472742358052395,,,
330,True,,,,,0.0,,,,,,0.0035839653573930264,0.05258587375283241,8.300004992634058e-05,0.03470625728368759,0.02496650442481041,0.08557004481554031,0.0,0.0,0.0007852412527427077,0.0009469382083360716,,,
331,True,,,,,0.0,,,,,,0.005033046007156372,0.05423256382346153,4.107535278308205e-05,0.04147648811340332,0.030143901705741882,0.08557424694299698,0.0,0.0,0.000781834707595408,0.0009466011805652866,,,
332,True,,,,,0.0,,,,,,0.004803873132914305,0.062413036823272705,8.033138874452561e-05,0.04340067505836487,0.03145954757928848,0.08557844161987305,0.0,0.0,0.0008010637247934937,0.0009462631533422094,,,
333,True,,,,,0.0,,,,,,0.003636606503278017,0.055148325860500336,4.8101712309289724e-05,0.034971173852682114,0.02493985742330551,0.08558254688978195,0.0,0.0,0.001012521213851869,0.0009459241275186831,,,
334,True,,,,,0.0,,,,,,0.004899425432085991,0.06284478306770325,6.275133637245744e-05,0.04427163675427437,0.032200489193201065,0.0855867937207222,0.0,0.0,0.0008798170019872487,0.0009455841039490679,,,
335,True,,,,,0.0,,,,,,0.002617789898067713,0.041496921330690384,3.079832822550088e-05,0.023113418370485306,0.015474626794457436,0.08559124171733856,0.0,0.0,0.0006472368841059506,0.0009452430834902375,,,
336,True,,,,,0.0,,,,,,0.005089011043310165,0.07768480479717255,4.308111238060519e-05,0.04423821344971657,0.030503224581480026,0.08559559285640717,0.0,0.0,0.0007755870465189219,0.000944901067001579,,,
337,True,,,,,0.0,,,,,,0.0031113484874367714,0.053982049226760864,4.181037002126686e-05,0.02547377347946167,0.016087312251329422,0.08560017496347427,0.0,0.0,0.0005933414795435965,0.0009445580553449888,,,
338,True,,,,,0.0,,,,,,0.0033524928148835897,0.04601491987705231,8.300004992634058e-05,0.02961304783821106,0.02076151594519615,0.08560466021299362,0.0,0.0,0.000728340819478035,0.0009442140493848706,,,
339,True,,,,,0.0,,,,,,0.0015131699619814754,0.04331354796886444,4.107535278308205e-05,0.015064096078276634,0.008342941291630268,0.08560926467180252,0.0,0.0,0.0005141052533872426,0.0009438690499881352,,,
340,True,,,,,0.0,,,,,,0.002412930130958557,0.05173847824335098,8.033138874452561e-05,0.023580845445394516,0.015097763389348984,0.08561380952596664,0.0,0.0,0.0006732249748893082,0.0009435230580241958,,,
341,True,,,,,0.0,,,,,,0.003091132966801524,0.04347309097647667,4.8101712309289724e-05,0.027345875278115273,0.01902719959616661,0.0856182724237442,0.0,0.0,0.0006617212784476578,0.0009431760743649672,,,
342,True,,,,,0.0,,,,,,0.004038501530885696,0.08101204037666321,6.275133637245744e-05,0.04197651520371437,0.028949206694960594,0.08562272042036057,0.0,0.0,0.0008074045763351023,0.0009428280998848634,,,
343,True,,,,,0.0,,,,,,0.004710712470114231,0.06872440874576569,3.079832822550088e-05,0.04063538461923599,0.02818056009709835,0.08562714606523514,0.0,0.0,0.0008030005265027285,0.0009424791354607954,,,
344,True,,,,,0.0,,,,,,0.002872737590223551,0.04680994898080826,4.308111238060519e-05,0.02460038661956787,0.01616879552602768,0.08563173562288284,0.0,0.0,0.0006207976839505136,0.0009421291819721689,,,
345,True,,,,,0.0,,,,,,0.0013796889688819647,0.030956551432609558,4.181037002126686e-05,0.013689019717276096,0.008336404338479042,0.08563662320375443,0.0,0.0,0.0004927946138195693,0.0009417782403008816,,,
346,True,,,,,0.0,,,,,,0.0028337377589195967,0.05187547951936722,8.300004992634058e-05,0.02697860449552536,0.01805940456688404,0.08564137667417526,0.0,0.0,0.0006415533134713769,0.0009414263113313222,,,
347,True,,,,,0.0,,,,,,0.0015406417660415173,0.0350370854139328,4.107535278308205e-05,0.016102569177746773,0.010181223042309284,0.085645891726017,0.0,0.0,0.00044515536865219474,0.0009410733959503668,,,
348,True,,,,,0.0,,,,,,0.002488515106961131,0.05191797390580177,8.033138874452561e-05,0.02523399144411087,0.016657009720802307,0.08565041422843933,0.0,0.0,0.0005728856194764376,0.0009407194950473779,,,
349,True,,,,,0.0,,,,,,0.0018533819820731878,0.04170878604054451,4.8101712309289724e-05,0.01888313703238964,0.011978275142610073,0.08565502613782883,0.0,0.0,0.000579214422032237,0.0009403646095142008,,,
350,True,,,,,0.0,,,,,,0.003682053415104747,0.05371059477329254,6.275133637245744e-05,0.031674355268478394,0.021733269095420837,0.08565963059663773,0.0,0.0,0.0006809227634221315,0.0009400087402451627,,,
351,True,,,,,0.0,,,,,,0.001990854274481535,0.03820912912487984,3.079832822550088e-05,0.0201641283929348,0.013480320572853088,0.08566420525312424,0.0,0.0,0.0006170079577714205,0.0009396518881370699,,,
352,True,,,,,0.0,,,,,,0.005636151414364576,0.070087730884552,4.308111238060519e-05,0.05381636321544647,0.04029321298003197,0.08566871285438538,0.0,0.0,0.0010419143363833427,0.000939294054089205,,,
353,True,,,,,0.0,,,,,,0.0031761766877025366,0.04850322753190994,4.181037002126686e-05,0.031054960563778877,0.02215081825852394,0.0856737270951271,0.0,0.0,0.0006991325062699616,0.0009389352390033256,,,
354,True,,,,,0.0,,,,,,0.0019602272659540176,0.05322843790054321,8.300004992634058e-05,0.018480563536286354,0.010299204848706722,0.08567864447832108,0.0,0.0,0.0004854579165112227,0.0009385754437836615,,,
355,True,,,,,0.0,,,,,,0.0023026224225759506,0.04108172655105591,4.107535278308205e-05,0.022874919697642326,0.015586752444505692,0.08568329364061356,0.0,0.0,0.0005839593941345811,0.000938214669336912,,,
356,True,,,,,0.0,,,,,,0.00471456116065383,0.0713021457195282,8.033138874452561e-05,0.04137291759252548,0.028631094843149185,0.08568786084651947,0.0,0.0,0.0007454421138390899,0.0009378529165722447,,,
357,True,,,,,0.0,,,,,,0.0012243882520124316,0.03368134796619415,4.8101712309289724e-05,0.01352548599243164,0.00805198960006237,0.08569233119487762,0.0,0.0,0.0006876313127577305,0.0009374901864012923,,,
358,True,,,,,0.0,,,,,,0.0006913123652338982,0.025672350078821182,6.275133637245744e-05,0.008076719008386135,0.003929825499653816,0.08569701015949249,0.0,0.0,0.00034327703178860247,0.000937126479738151,,,
359,True,,,,,0.0,,,,,,0.0024766530841588974,0.0458688884973526,3.079832822550088e-05,0.022593341767787933,0.014657385647296906,0.08570138365030289,0.0,0.0,0.0005610092775896192,0.0009367617974993769,,,
360,True,,,,,0.0,,,,,,0.002777494490146637,0.0549343042075634,4.308111238060519e-05,0.023875011131167412,0.014725487679243088,0.08570566773414612,0.0,0.0,0.0005802527302876115,0.0009363961406039856,,,
361,True,,,,,0.0,,,,,,0.0026641925796866417,0.05086802318692207,4.181037002126686e-05,0.02345368079841137,0.014824682846665382,0.08570986241102219,0.0,0.0,0.0005902950651943684,0.000936029509973448,,,
362,True,,,,,0.0,,,,,,0.0016439285827800632,0.050040774047374725,8.300004992634058e-05,0.01767939329147339,0.010132747702300549,0.08571387082338333,0.0,0.0,0.0005202027969062328,0.00093566190653169,,,
363,True,,,,,0.0,,,,,,0.0019195231143385172,0.045309796929359436,4.107535278308205e-05,0.020615920424461365,0.013287702575325966,0.08571778237819672,0.0,0.0,0.0005669811507686973,0.0009352933312050876,,,
364,True,,,,,0.0,,,,,,0.0036283284425735474,0.05129845440387726,8.033138874452561e-05,0.03328526392579079,0.023629706352949142,0.08572155237197876,0.0,0.0,0.000861244392581284,0.0009349237849224671,,,
365,True,,,,,0.0,,,,,,0.0045737917535007,0.05518319457769394,4.8101712309289724e-05,0.04029415175318718,0.02932073548436165,0.0857253447175026,0.0,0.0,0.0008960526902228594,0.000934553268615101,,,
366,True,,,,,0.0,,,,,,0.0035742733161896467,0.05839667469263077,6.275133637245744e-05,0.03238784894347191,0.022085238248109818,0.08572936803102493,0.0,0.0,0.000639250036329031,0.0009341817832167072,,,
367,True,,,,,0.0,,,,,,0.004204222001135349,0.06320923566818237,3.079832822550088e-05,0.03388729691505432,0.02248941920697689,0.08573319017887115,0.0,0.0,0.0007890842389315367,0.0009338093296634443,,,
368,True,,,,,0.0,,,,,,0.001492100185714662,0.03818425536155701,4.308111238060519e-05,0.015306779183447361,0.009117340669035912,0.08573726564645767,0.0,0.0,0.0005526484455913305,0.0009334359088939122,,,
369,True,,,,,0.0,,,,,,0.0028989510610699654,0.054753080010414124,4.181037002126686e-05,0.027146238833665848,0.017893660813570023,0.08574137836694717,0.0,0.0,0.0006660060025751591,0.000933061521849147,,,
370,True,,,,,0.0,,,,,,0.003074467182159424,0.052181750535964966,8.300004992634058e-05,0.028633130714297295,0.01944153383374214,0.08574553579092026,0.0,0.0,0.0006520693423226476,0.0009326861694726208,,,
371,True,,,,,0.0,,,,,,0.002817795379087329,0.043453168123960495,4.107535278308205e-05,0.0251602865755558,0.017119139432907104,0.08574992418289185,0.0,0.0,0.0007024873630143702,0.0009323098527102376,,,
372,True,,,,,0.0,,,,,,0.004636197350919247,0.05886846035718918,8.033138874452561e-05,0.038164976984262466,0.02674422413110733,0.08575446158647537,0.0,0.0,0.0008552256040275097,0.0009319325725103324,,,
373,True,,,,,0.0,,,,,,0.0022543345112353563,0.047425154596567154,4.8101712309289724e-05,0.020554963499307632,0.01267646811902523,0.08575940877199173,0.0,0.0,0.0004919120110571384,0.0009315543298236679,,,
374,True,,,,,0.0,,,,,,0.00467525003477931,0.06817026436328888,6.275133637245744e-05,0.040870197117328644,0.028488900512456894,0.08576419949531555,0.0,0.0,0.0009233675082214177,0.0009311751256034319,,,
375,True,,,,,0.0,,,,,,0.0013190790778025985,0.03722572326660156,3.079832822550088e-05,0.013570134527981281,0.007655393332242966,0.0857691541314125,0.0,0.0,0.0004956790362484753,0.0009307949608052354,,,
376,True,,,,,0.0,,,,,,0.002353199291974306,0.03432272747159004,4.308111238060519e-05,0.020290983840823174,0.013626232743263245,0.08577383309602737,0.0,0.0,0.000575320387724787,0.0009304138363871108,,,
377,True,,,,,0.0,,,,,,0.002991135697811842,0.048771511763334274,4.181037002126686e-05,0.02585989236831665,0.017112918198108673,0.08577819913625717,0.0,0.0,0.0005679688765667379,0.0009300317533095079,,,
378,True,,,,,0.0,,,,,,0.0030959025025367737,0.053227443248033524,8.300004992634058e-05,0.026832591742277145,0.01751461997628212,0.08578243106603622,0.0,0.0,0.0006747994921170175,0.0009296487125352929,,,
379,True,,,,,0.0,,,,,,0.004249919205904007,0.04881139099597931,4.107535278308205e-05,0.04316353797912598,0.03315407410264015,0.08578658103942871,0.0,0.0,0.0008745171944610775,0.0009292647150297452,,,
380,True,,,,,0.0,,,,,,0.005013469140976667,0.06110038608312607,8.033138874452561e-05,0.044961780309677124,0.03294019401073456,0.08579123765230179,0.0,0.0,0.0009333586203865707,0.0009288797617605553,,,
381,True,,,,,0.0,,,,,,0.00577535992488265,0.06459228694438934,4.8101712309289724e-05,0.04502634331583977,0.03190974146127701,0.08579620718955994,0.0,0.0,0.00087987125152722,0.0009284938536978224,,,
382,True,,,,,0.0,,,,,,0.0023197506088763475,0.042040761560201645,6.275133637245744e-05,0.02216598019003868,0.014752758666872978,0.08580182492733002,0.0,0.0,0.0007401128532364964,0.0009281069918140513,,,
383,True,,,,,0.0,,,,,,0.004252958577126265,0.0562233030796051,3.079832822550088e-05,0.038439612835645676,0.027690842747688293,0.08580778539180756,0.0,0.0,0.0008228907827287912,0.0009277191770841512,,,
384,True,,,,,0.0,,,,,,0.004679371602833271,0.05921323969960213,4.308111238060519e-05,0.03740996494889259,0.025929588824510574,0.0858139917254448,0.0,0.0,0.0007955298060551286,0.0009273304104854321,,,
385,True,,,,,0.0,,,,,,0.0053399913012981415,0.0633745938539505,4.181037002126686e-05,0.046416498720645905,0.03385993838310242,0.08582013845443726,0.0,0.0,0.0008240670431405306,0.0009269406929976028,,,
386,True,,,,,0.0,,,,,,0.0038043763488531113,0.05624278262257576,8.300004992634058e-05,0.03543796390295029,0.02510954439640045,0.08582646399736404,0.0,0.0,0.0008286688826046884,0.0009265500256027681,,,
387,True,,,,,0.0,,,,,,0.002629320602864027,0.06056486815214157,4.107535278308205e-05,0.025058791041374207,0.015494121238589287,0.08583255112171173,0.0,0.0,0.000633216870483011,0.0009261584092854272,,,
388,True,,,,,0.0,,,,,,0.002231535268947482,0.03894761949777603,8.033138874452561e-05,0.020971478894352913,0.01394663192331791,0.08583837002515793,0.0,0.0,0.0005653742700815201,0.0009257658450324702,,,
389,True,,,,,0.0,,,,,,0.004465857055038214,0.06166892498731613,4.8101712309289724e-05,0.035709913820028305,0.02419467270374298,0.08584394305944443,0.0,0.0,0.0007868033717386425,0.0009253723338331762,,,
390,True,,,,,0.0,,,,,,0.0038202402647584677,0.051721006631851196,6.275133637245744e-05,0.028608281165361404,0.01872606948018074,0.08584943413734436,0.0,0.0,0.0008148746564984322,0.0009249778766792106,,,
391,True,,,,,0.0,,,,,,0.005934332963079214,0.05801820009946823,3.079832822550088e-05,0.04958432540297508,0.0369742289185524,0.08585461229085922,0.0,0.0,0.0010431100381538272,0.0009245824745646226,,,
392,True,,,,,0.0,,,,,,0.0050957901403307915,0.07310711592435837,4.308111238060519e-05,0.040397774428129196,0.02711113542318344,0.08585959672927856,0.0,0.0,0.000760476163122803,0.000924186128485843,,,
393,True,,,,,0.0,,,,,,0.006266966462135315,0.07059235870838165,4.181037002126686e-05,0.04962695762515068,0.03542120009660721,0.08586478233337402,0.0,0.0,0.0009442560258321464,0.0009237888394416809,,,
394,True,,,,,0.0,,,,,,0.003309407038614154,0.04380684718489647,8.300004992634058e-05,0.026780184358358383,0.018189892172813416,0.08587005734443665,0.0,0.0,0.0009175605373457074,0.0009233906084333222,,,
395,True,,,,,0.0,,,,,,0.006082344334572554,0.07045136392116547,4.107535278308205e-05,0.04672611504793167,0.03271934390068054,0.0858754962682724,0.0,0.0,0.0010281108552590013,0.0009229914364643263,,,
396,True,,,,,0.0,,,,,,0.0033462797291576862,0.056089624762535095,8.033138874452561e-05,0.027809791266918182,0.01795557513833046,0.08588076382875443,0.0,0.0,0.0006517542060464621,0.0009225913245406245,,,
397,True,,,,,0.0,,,,,,0.004887661896646023,0.042638663202524185,4.8101712309289724e-05,0.03867911547422409,0.028644680976867676,0.08588571846485138,0.0,0.0,0.0008681852486915886,0.0009221902736705156,,,
398,True,,,,,0.0,,,,,,0.005245820619165897,0.07097571343183517,6.275133637245744e-05,0.04686679318547249,0.033633120357990265,0.08589070290327072,0.0,0.0,0.0008371928124688566,0.0009217882848646659,,,
399,True,,,,,0.0,,,,,,0.005255760625004768,0.06453470885753632,3.079832822550088e-05,0.042809635400772095,0.030226044356822968,0.08589574694633484,0.0,0.0,0.0008287144592031837,0.0009213853591361043,,,
400,True,,,,,0.0,,,,,,0.004784633871167898,0.05506160110235214,4.308111238060519e-05,0.04206098988652229,0.030889645218849182,0.08590101450681686,0.0,0.0,0.0009090499370358884,0.0009209814975002215,0.00035455760474238,0.0007556878913738918,2.2238654725133863e-05
401,True,,,,,0.0,,,,,,0.0035723946057260036,0.05534498393535614,4.181037002126686e-05,0.02865222655236721,0.018665360286831856,0.08590680360794067,0.0,0.0,0.00067631941055879,0.0009205767009747663,,,
402,True,,,,,0.0,,,,,,0.0039059061091393232,0.054282043129205704,8.300004992634058e-05,0.03282417356967926,0.022589433938264847,0.08591290563344955,0.0,0.0,0.0007192608318291605,0.0009201709705798437,,,
403,True,,,,,0.0,,,,,,0.004544620402157307,0.061024922877550125,4.107535278308205e-05,0.03987690806388855,0.028350068256258965,0.08591892570257187,0.0,0.0,0.0007694934611208737,0.0009197643073379121,,,
404,True,,,,,0.0,,,,,,0.005618707742542028,0.08075214922428131,8.033138874452561e-05,0.04908673092722893,0.03449339047074318,0.08592481911182404,0.0,0.0,0.0009096498251892626,0.0009193567122737805,,,
405,True,,,,,0.0,,,,,,0.003923836164176464,0.06062282249331474,4.8101712309289724e-05,0.037351496517658234,0.02648201957345009,0.08593080192804337,0.0,0.0,0.0007646978483535349,0.0009189481864146062,,,
406,True,,,,,0.0,,,,,,0.0028063904028385878,0.047722697257995605,6.275133637245744e-05,0.024544857442378998,0.016075454652309418,0.0859367698431015,0.0,0.0,0.0006924022454768419,0.0009185387307898924,,,
407,True,,,,,0.0,,,,,,0.0024827660527080297,0.056527428328990936,3.079832822550088e-05,0.024202190339565277,0.01519185584038496,0.08594255894422531,0.0,0.0,0.0006767403101548553,0.0009181283464314849,,,
408,True,,,,,0.0,,,,,,0.006284800358116627,0.07186048477888107,4.308111238060519e-05,0.05068492144346237,0.03633304685354233,0.08594824373722076,0.0,0.0,0.000990963657386601,0.0009177170343735706,,,
409,True,,,,,0.0,,,,,,0.0040420182049274445,0.03937003016471863,4.181037002126686e-05,0.033037785440683365,0.024178320541977882,0.08595410734415054,0.0,0.0,0.0007312688394449651,0.0009173047956526734,,,
410,True,,,,,0.0,,,,,,0.003240841208025813,0.05175567790865898,8.300004992634058e-05,0.028595849871635437,0.01927834004163742,0.08596021682024002,0.0,0.0,0.0006517927395179868,0.000916891631307653,,,
411,True,,,,,0.0,,,,,,0.005717141088098288,0.07023236155509949,4.107535278308205e-05,0.04838462546467781,0.03476405143737793,0.08596586436033249,0.0,0.0,0.0008200238225981593,0.0009164775423797019,,,
412,True,,,,,0.0,,,,,,0.006839526351541281,0.0740937814116478,8.033138874452561e-05,0.05466446280479431,0.03951567783951759,0.08597160130739212,0.0,0.0,0.0009816810488700867,0.0009160625299123417,,,
413,True,,,,,0.0,,,,,,0.003384379670023918,0.04875047504901886,4.8101712309289724e-05,0.030145280063152313,0.021002022549510002,0.0859779566526413,0.0,0.0,0.0007302269223146141,0.0009156465949514225,,,
414,True,,,,,0.0,,,,,,0.0031241015531122684,0.06115519255399704,6.275133637245744e-05,0.03078853338956833,0.020657695829868317,0.08598415553569794,0.0,0.0,0.0007888258551247418,0.0009152297385451184,,,
415,True,,,,,0.0,,,,,,0.00325933750718832,0.0430334210395813,3.079832822550088e-05,0.029479611665010452,0.0210416316986084,0.0859900638461113,0.0,0.0,0.0006780278636142612,0.0009148119617439256,,,
416,True,,,,,0.0,,,,,,0.002728195395320654,0.046889178454875946,4.308111238060519e-05,0.02427966333925724,0.015981048345565796,0.08599606156349182,0.0,0.0,0.0005705013172701001,0.0009143932656006601,,,
417,True,,,,,0.0,,,,,,0.0030640792101621628,0.05169221758842468,4.181037002126686e-05,0.027271181344985962,0.018156956881284714,0.08600170910358429,0.0,0.0,0.0006749785970896482,0.0009139736511704541,,,
418,True,,,,,0.0,,,,,,0.0029331808909773827,0.05791774392127991,8.300004992634058e-05,0.029894419014453888,0.02026788890361786,0.0860074907541275,0.0,0.0,0.0006957593141123652,0.0009135531195107546,,,
419,True,,,,,0.0,,,,,,0.002080050064250827,0.05012059584259987,4.107535278308205e-05,0.019248303025960922,0.011275522410869598,0.08601325005292892,0.0,0.0,0.0005277664749883115,0.0009131316716813196,,,
420,True,,,,,0.0,,,,,,0.005347787402570248,0.06037529185414314,8.033138874452561e-05,0.043627336621284485,0.03134167194366455,0.08601859211921692,0.0,0.0,0.0008226227946579456,0.0009127093087442163,,,
421,True,,,,,0.0,,,,,,0.0021810121834278107,0.04298487678170204,4.8101712309289724e-05,0.021207893267273903,0.013844100758433342,0.08602414280176163,0.0,0.0,0.0006204072269611061,0.0009122860317638174,,,
422,True,,,,,0.0,,,,,,0.0028698293026536703,0.04467673972249031,6.275133637245744e-05,0.024121951311826706,0.015892773866653442,0.08602980524301529,0.0,0.0,0.0007751022931188345,0.0009118618418067995,,,
423,True,,,,,0.0,,,,,,0.0039964462630450726,0.04958265647292137,3.079832822550088e-05,0.0340229757130146,0.024192512035369873,0.08603537082672119,0.0,0.0,0.0007747031049802899,0.0009114367399421398,,,
424,True,,,,,0.0,,,,,,0.005390007048845291,0.06530264019966125,4.308111238060519e-05,0.04435977712273598,0.03155755251646042,0.08604125678539276,0.0,0.0,0.0007449904805980623,0.0009110107272411137,,,
425,True,,,,,0.0,,,,,,0.0012015013489872217,0.030363133177161217,4.181037002126686e-05,0.011113958433270454,0.005994768813252449,0.0860469862818718,0.0,0.0,0.000477884488645941,0.0009105838047772915,,,
426,True,,,,,0.0,,,,,,0.0025393879041075706,0.057889439165592194,8.300004992634058e-05,0.021944871172308922,0.012714513577520847,0.08605251461267471,0.0,0.0,0.0005238904268480837,0.0009101559736265368,,,
427,True,,,,,0.0,,,,,,0.00632017245516181,0.060687050223350525,4.107535278308205e-05,0.055058080703020096,0.04178808629512787,0.08605778217315674,0.0,0.0,0.0008674603886902332,0.0009097272348670026,,,
428,True,,,,,0.0,,,,,,0.0028461175970733166,0.04805584251880646,8.033138874452561e-05,0.02535199373960495,0.01679949462413788,0.08606318384408951,0.0,0.0,0.000848892203066498,0.0009092975895791292,,,
429,True,,,,,0.0,,,,,,0.002390400506556034,0.03690177947282791,4.8101712309289724e-05,0.022850871086120605,0.015885554254055023,0.0860687643289566,0.0,0.0,0.0006861797883175313,0.0009088670388456418,,,
430,True,,,,,0.0,,,,,,0.0027634890284389257,0.04662271589040756,6.275133637245744e-05,0.024847110733389854,0.016529232263565063,0.08607421815395355,0.0,0.0,0.0006286535644903779,0.0009084355837515467,,,
431,True,,,,,0.0,,,,,,0.00360703538171947,0.05664313584566116,3.079832822550088e-05,0.03319457918405533,0.023047033697366714,0.0860794335603714,0.0,0.0,0.000761734729167074,0.0009080032253841299,,,
432,True,,,,,0.0,,,,,,0.0031017493456602097,0.0555037260055542,4.308111238060519e-05,0.028849536553025246,0.019315026700496674,0.0860845297574997,0.0,0.0,0.0006482958560809493,0.0009075699648329531,,,
433,True,,,,,0.0,,,,,,0.00368448905646801,0.04599268361926079,4.181037002126686e-05,0.02906220220029354,0.01989663951098919,0.08608991652727127,0.0,0.0,0.0007211180636659265,0.0009071358031898518,,,
434,True,,,,,0.0,,,,,,0.001281554577872157,0.034301433712244034,8.300004992634058e-05,0.014442507177591324,0.008828357793390751,0.0860951617360115,0.0,0.0,0.0004973121685907245,0.0009067007415489325,,,
435,True,,,,,0.0,,,,,,0.0069794743321835995,0.07340922951698303,4.107535278308205e-05,0.058650728315114975,0.0434487909078598,0.08609984815120697,0.0,0.0,0.001044257078319788,0.0009062647810065694,,,
436,True,,,,,0.0,,,,,,0.004167524166405201,0.05385113134980202,8.033138874452561e-05,0.03638958930969238,0.025935735553503036,0.08610498160123825,0.0,0.0,0.0007632898050360382,0.000905827922661402,,,
437,True,,,,,0.0,,,,,,0.003116689622402191,0.04741808772087097,4.8101712309289724e-05,0.029735654592514038,0.02099200338125229,0.08611036837100983,0.0,0.0,0.0006730517488904297,0.0009053901676143327,,,
438,True,,,,,0.0,,,,,,0.002354903845116496,0.04333997145295143,6.275133637245744e-05,0.022606221958994865,0.015024786815047264,0.08611582219600677,0.0,0.0,0.0005734899314120412,0.0009049515169685231,,,
439,True,,,,,0.0,,,,,,0.004346457310020924,0.0731746181845665,3.079832822550088e-05,0.037230536341667175,0.024690009653568268,0.08612096309661865,0.0,0.0,0.0006885051261633635,0.0009045119718293921,,,
440,True,,,,,0.0,,,,,,0.0021031515207141638,0.047404609620571136,4.308111238060519e-05,0.021675828844308853,0.013949415646493435,0.08612608909606934,0.0,0.0,0.0005617336719296873,0.0009040715333046126,,,
441,True,,,,,0.0,,,,,,0.0020378087647259235,0.039305757731199265,4.181037002126686e-05,0.01855877973139286,0.011708179488778114,0.08613107353448868,0.0,0.0,0.0006065261550247669,0.0009036302025041089,,,
442,True,,,,,0.0,,,,,,0.0045154280960559845,0.06140386685729027,8.300004992634058e-05,0.038538530468940735,0.026979852467775345,0.08613601326942444,0.0,0.0,0.000726392783690244,0.0009031879805400538,,,
443,True,,,,,0.0,,,,,,0.004405551590025425,0.05159618705511093,4.107535278308205e-05,0.036300089210271835,0.02585296891629696,0.08614100515842438,0.0,0.0,0.0007647188613191247,0.0009027448685268662,,,
444,True,,,,,0.0,,,,,,0.004723712336272001,0.06456214189529419,8.033138874452561e-05,0.0416753850877285,0.029593829065561295,0.0861460417509079,0.0,0.0,0.0007725395262241364,0.0009023008675812076,,,
445,True,,,,,0.0,,,,,,0.0032471041195094585,0.05179315060377121,4.8101712309289724e-05,0.02998034656047821,0.020668361335992813,0.08615145087242126,0.0,0.0,0.0006895733531564474,0.0009018559788219794,,,
446,True,,,,,0.0,,,,,,0.0022818706929683685,0.044148895889520645,6.275133637245744e-05,0.022299591451883316,0.014709887094795704,0.08615686744451523,0.0,0.0,0.0005599195137619972,0.0009014102033703214,,,
447,True,,,,,0.0,,,,,,0.002639545826241374,0.053624436259269714,3.079832822550088e-05,0.024028275161981583,0.015149264596402645,0.08616218715906143,0.0,0.0,0.0005943283904343843,0.0009009635423496068,,,
448,True,,,,,0.0,,,,,,0.0024358511436730623,0.041089992970228195,4.308111238060519e-05,0.021481838077306747,0.014053774066269398,0.08616719394922256,0.0,0.0,0.0006550815305672586,0.0009005159968854407,,,
449,True,,,,,0.0,,,,,,0.0052805813029408455,0.06758831441402435,4.181037002126686e-05,0.04710882157087326,0.03418678045272827,0.08617237210273743,0.0,0.0,0.0009796754457056522,0.0009000675681056577,,,
450,True,,,,,0.0,,,,,,0.004235651344060898,0.05833515524864197,8.300004992634058e-05,0.038850679993629456,0.027878234162926674,0.08617804944515228,0.0,0.0,0.0006835581152699888,0.0008996182571403175,,,
451,True,,,,,0.0,,,,,,0.0072310916148126125,0.07173134386539459,4.107535278308205e-05,0.05773257464170456,0.04244597628712654,0.08618341386318207,0.0,0.0,0.0010920214699581265,0.0008991680651217036,,,
452,True,,,,,0.0,,,,,,0.003374074585735798,0.053629547357559204,8.033138874452561e-05,0.032347142696380615,0.02270805835723877,0.08618917316198349,0.0,0.0,0.0007995126652531326,0.0008987169931843192,,,
453,True,,,,,0.0,,,,,,0.005484073422849178,0.06271269172430038,4.8101712309289724e-05,0.040273286402225494,0.02763194777071476,0.08619483560323715,0.0,0.0,0.0006978673627600074,0.0008982650424648858,,,
454,True,,,,,0.0,,,,,,0.004617238417267799,0.05917831137776375,6.275133637245744e-05,0.03394119441509247,0.02251274883747101,0.08620024472475052,0.0,0.0,0.0006359152030199766,0.0008978122141023384,,,
455,True,,,,,0.0,,,,,,0.0031540202908217907,0.049844253808259964,3.079832822550088e-05,0.027557875961065292,0.0185419712215662,0.08620577305555344,0.0,0.0,0.0007889093249104917,0.0008973585092378247,,,
456,True,,,,,0.0,,,,,,0.0016606161370873451,0.0416068360209465,4.308111238060519e-05,0.018783072009682655,0.012078123167157173,0.0862109437584877,0.0,0.0,0.0005009261076338589,0.0008969039290147005,,,
457,True,,,,,0.0,,,,,,0.003587791696190834,0.048040971159935,4.181037002126686e-05,0.028786277398467064,0.019511321559548378,0.086216039955616,0.0,0.0,0.0006915103876963258,0.0008964484745785277,,,
458,True,,,,,0.0,,,,,,0.00277286721393466,0.04785774275660515,8.300004992634058e-05,0.027602385729551315,0.019140033051371574,0.0862211361527443,0.0,0.0,0.0006881587905809283,0.0008959921470770717,,,
459,True,,,,,0.0,,,,,,0.003316302318125963,0.04735618084669113,4.107535278308205e-05,0.027196042239665985,0.018261320888996124,0.08622638881206512,0.0,0.0,0.0005662186886183918,0.0008955349476602977,,,
460,True,,,,,0.0,,,,,,0.0027338149957358837,0.04281459003686905,8.033138874452561e-05,0.0256181787699461,0.017700426280498505,0.08623137325048447,0.0,0.0,0.0006865342147648335,0.0008950768774803681,,,
461,True,,,,,0.0,,,,,,0.0035185643937438726,0.05243236571550369,4.8101712309289724e-05,0.03044140711426735,0.020793192088603973,0.08623640984296799,0.0,0.0,0.0006340146064758301,0.0008946179376916396,,,
462,True,,,,,0.0,,,,,,0.002200695686042309,0.05358143895864487,6.275133637245744e-05,0.021189335733652115,0.012736706994473934,0.08624131232500076,0.0,0.0,0.0005707335658371449,0.0008941581294506606,,,
463,True,,,,,0.0,,,,,,0.004126536659896374,0.06835560500621796,3.079832822550088e-05,0.041478101164102554,0.029638145118951797,0.08624618500471115,0.0,0.0,0.0007608517771586776,0.000893697453916168,,,
464,True,,,,,0.0,,,,,,0.007627018727362156,0.06338529288768768,4.308111238060519e-05,0.06464564055204391,0.04979604482650757,0.08625121414661407,0.0,0.0,0.0017008798895403743,0.0008932359122490843,,,
465,True,,,,,0.0,,,,,,0.006349883042275906,0.060429759323596954,4.181037002126686e-05,0.05009595304727554,0.03681962564587593,0.08625612407922745,0.0,0.0,0.0008667709771543741,0.0008927735056125147,,,
466,True,,,,,0.0,,,,,,0.0026580586563795805,0.049338530749082565,8.300004992634058e-05,0.023476798087358475,0.014980768784880638,0.08626161515712738,0.0,0.0,0.0007136051426641643,0.0008923102351717438,,,
467,True,,,,,0.0,,,,,,0.002169238403439522,0.03969927877187729,4.107535278308205e-05,0.02065931260585785,0.013636934570968151,0.08626744151115417,0.0,0.0,0.0005847237189300358,0.0008918461020942335,,,
468,True,,,,,0.0,,,,,,0.003711902303621173,0.06543746590614319,8.033138874452561e-05,0.035995159298181534,0.02483661100268364,0.08627328276634216,0.0,0.0,0.0008098232210613787,0.0008913811075496196,,,
469,True,,,,,0.0,,,,,,0.002577004721388221,0.04121086746454239,4.8101712309289724e-05,0.024073589593172073,0.016488656401634216,0.08627907931804657,0.0,0.0,0.0006075231940485537,0.0008909152527097086,,,
470,True,,,,,0.0,,,,,,0.003105011535808444,0.05404096096754074,6.275133637245744e-05,0.028884010389447212,0.01948067732155323,0.08628492057323456,0.0,0.0,0.0006701276870444417,0.0008904485387484748,,,
471,True,,,,,0.0,,,,,,0.004022590816020966,0.07373569905757904,3.079832822550088e-05,0.03818560019135475,0.025911130011081696,0.08629105985164642,0.0,0.0,0.0006618237239308655,0.0008899809668420581,,,
472,True,,,,,0.0,,,,,,0.0022759423591196537,0.05207619071006775,4.308111238060519e-05,0.021661240607500076,0.013293169438838959,0.08629688620567322,0.0,0.0,0.0005995545070618391,0.0008895125381687598,,,
473,True,,,,,0.0,,,,,,0.0038134525530040264,0.03838213533163071,4.181037002126686e-05,0.028984034433960915,0.020448442548513412,0.08630213141441345,0.0,0.0,0.0005709528340958059,0.000889043253909041,,,
474,True,,,,,0.0,,,,,,0.004950792528688908,0.0585816390812397,8.300004992634058e-05,0.040122777223587036,0.028409244492650032,0.08630737662315369,0.0,0.0,0.000740084215067327,0.000888573115245518,,,
475,True,,,,,0.0,,,,,,0.0034544046502560377,0.0523260124027729,4.107535278308205e-05,0.02861085906624794,0.01904018595814705,0.08631300181150436,0.0,0.0,0.0007126823184080422,0.0008881021233629612,,,
476,True,,,,,0.0,,,,,,0.0034808465279638767,0.047655340284109116,8.033138874452561e-05,0.03183887526392937,0.02268913947045803,0.0863187313079834,0.0,0.0,0.0007824630592949688,0.0008876302794482903,,,
477,True,,,,,0.0,,,,,,0.0034763168077915907,0.060639940202236176,4.8101712309289724e-05,0.028405366465449333,0.0179777592420578,0.08632442355155945,0.0,0.0,0.000758883950766176,0.0008871575846905732,,,
478,True,,,,,0.0,,,,,,0.0016146721318364143,0.030655784532427788,6.275133637245744e-05,0.014850487932562828,0.009275561198592186,0.08633003383874893,0.0,0.0,0.0007481282227672637,0.0008866840402810207,,,
479,True,,,,,0.0,,,,,,0.0029675045516341925,0.04317852482199669,3.079832822550088e-05,0.0240982323884964,0.015934119001030922,0.08633560687303543,0.0,0.0,0.0006098859012126923,0.0008862096474129859,,,
480,True,,,,,0.0,,,,,,0.003092086873948574,0.05758672207593918,4.308111238060519e-05,0.027751237154006958,0.018015526235103607,0.08634096384048462,0.0,0.0,0.0007791824173182249,0.0008857344072819589,,,
481,True,,,,,0.0,,,,,,0.0036609098315238953,0.05118671432137489,4.181037002126686e-05,0.027665814384818077,0.01800186187028885,0.08634643256664276,0.0,0.0,0.000760596536565572,0.000885258321085566,,,
482,True,,,,,0.0,,,,,,0.0033728666603565216,0.07063402235507965,8.300004992634058e-05,0.030782345682382584,0.01944105140864849,0.08635251969099045,0.0,0.0,0.0008177176350727677,0.0008847813900235654,,,
483,True,,,,,0.0,,,,,,0.0021569225937128067,0.03922343626618385,4.107535278308205e-05,0.01895092986524105,0.011987539008259773,0.0863586813211441,0.0,0.0,0.0005795386387035251,0.000884303615297844,,,
484,True,,,,,0.0,,,,,,0.0024104746989905834,0.0380399152636528,8.033138874452561e-05,0.02040274627506733,0.013284468092024326,0.08636471629142761,0.0,0.0,0.0005898172385059297,0.0008838249981124147,,,
485,True,,,,,0.0,,,,,,0.007364771328866482,0.06736784428358078,4.8101712309289724e-05,0.051282525062561035,0.036293212324380875,0.0863707959651947,0.0,0.0,0.0011511557968333364,0.000883345539673414,,,
486,True,,,,,0.0,,,,,,0.004983036313205957,0.051447950303554535,6.275133637245744e-05,0.03740476071834564,0.026381775736808777,0.08637796342372894,0.0,0.0,0.0007619840907864273,0.0008828652411890981,,,
487,True,,,,,0.0,,,,,,0.00447241123765707,0.05457165837287903,3.079832822550088e-05,0.03901396691799164,0.028205139562487602,0.08638495951890945,0.0,0.0,0.000927181274164468,0.0008823841038698401,,,
488,True,,,,,0.0,,,,,,0.0026426161639392376,0.05135791003704071,4.308111238060519e-05,0.026026612147688866,0.017362739890813828,0.08639249950647354,0.0,0.0,0.0006261442322283983,0.0008819021289281269,,,
489,True,,,,,0.0,,,,,,0.006256745662540197,0.05779744312167168,4.181037002126686e-05,0.050867557525634766,0.03794616088271141,0.08639983087778091,0.0,0.0,0.0009533727425150573,0.0008814193175785568,,,
490,True,,,,,0.0,,,,,,0.0023192032240331173,0.048429448157548904,8.300004992634058e-05,0.023841461166739464,0.01577373594045639,0.08640776574611664,0.0,0.0,0.000743927841540426,0.0008809356710378351,,,
491,True,,,,,0.0,,,,,,0.002128779422491789,0.044150687754154205,4.107535278308205e-05,0.021861808374524117,0.01443326473236084,0.08641575276851654,0.0,0.0,0.0007224794826470315,0.0008804511905247724,,,
492,True,,,,,0.0,,,,,,0.0033187875524163246,0.041131552308797836,8.033138874452561e-05,0.0289518591016531,0.020615508779883385,0.0864240974187851,0.0,0.0,0.0007854390423744917,0.0008799658772602805,,,
493,True,,,,,0.0,,,,,,0.0030147514771670103,0.06471996009349823,4.8101712309289724e-05,0.02869359403848648,0.018318472430109978,0.08643237501382828,0.0,0.0,0.0006216736510396004,0.0008794797324673704,,,
494,True,,,,,0.0,,,,,,0.0013823925983160734,0.031916599720716476,6.275133637245744e-05,0.014661664143204689,0.00919183250516653,0.08644029498100281,0.0,0.0,0.0004982884274795651,0.0008789927573711478,,,
495,True,,,,,0.0,,,,,,0.003832681803032756,0.04591874033212662,3.079832822550088e-05,0.03545548766851425,0.026151051744818687,0.0864478275179863,0.0,0.0,0.000633859308436513,0.0008785049531988116,,,
496,True,,,,,0.0,,,,,,0.002440527779981494,0.0448269359767437,4.308111238060519e-05,0.023570695891976357,0.01576138101518154,0.08645524084568024,0.0,0.0,0.000687486375682056,0.0008780163211796494,,,
497,True,,,,,0.0,,,,,,0.003509142203256488,0.05522339418530464,4.181037002126686e-05,0.0352354422211647,0.025318428874015808,0.08646255731582642,0.0,0.0,0.000654986419249326,0.000877526862545035,,,
498,True,,,,,0.0,,,,,,0.0023900899104774,0.03626186400651932,8.300004992634058e-05,0.020466849207878113,0.013544376939535141,0.08646956086158752,0.0,0.0,0.0006393548683263361,0.000877036578528426,,,
499,True,,,,,0.0,,,,,,0.0019660014659166336,0.03992118313908577,4.107535278308205e-05,0.01745871640741825,0.010615292936563492,0.08647670596837997,0.0,0.0,0.00045177232823334634,0.0008765454703653591,,,
500,True,,,,,0.0,,,,,,0.0026201652362942696,0.04388583451509476,8.033138874452561e-05,0.02360643446445465,0.015692686662077904,0.0864834263920784,0.0,0.0,0.0006604858208447695,0.0008760535392934487,0.000369901027160524,0.0004784199877713555,3.618630807244807e-05
501,True,,,,,0.0,,,,,,0.002472970634698868,0.056622464209795,4.8101712309289724e-05,0.025002995505928993,0.015978826209902763,0.08649016916751862,0.0,0.0,0.0007307836203835905,0.0008755607865523823,,,
502,True,,,,,0.0,,,,,,0.0019000328611582518,0.03594063222408295,6.275133637245744e-05,0.018229354172945023,0.011838912032544613,0.08649690449237823,0.0,0.0,0.0005301265046000481,0.0008750672133839185,,,
503,True,,,,,0.0,,,,,,0.0031571430154144764,0.04340329021215439,3.079832822550088e-05,0.029910949990153313,0.021533044055104256,0.08650345355272293,0.0,0.0,0.0008584992028772831,0.0008745728210318832,,,
504,True,,,,,0.0,,,,,,0.007511473260819912,0.08829255402088165,4.308111238060519e-05,0.06693071871995926,0.04970334842801094,0.08650996536016464,0.0,0.0,0.0010678746039047837,0.0008740776107421665,,,
505,True,,,,,0.0,,,,,,0.002682723104953766,0.04086657613515854,4.181037002126686e-05,0.022644955664873123,0.014989499002695084,0.08651704341173172,0.0,0.0,0.0006424974417313933,0.0008735815837627204,,,
506,True,,,,,0.0,,,,,,0.0014177393168210983,0.042300596833229065,8.300004992634058e-05,0.015381338074803352,0.008826796896755695,0.08652415871620178,0.0,0.0,0.0005236787837930024,0.0008730847413435541,,,
507,True,,,,,0.0,,,,,,0.00189033686183393,0.03966629132628441,4.107535278308205e-05,0.01972736045718193,0.01298454962670803,0.08653075248003006,0.0,0.0,0.0006162052741274238,0.0008725870847367324,,,
508,True,,,,,0.0,,,,,,0.0018720215884968638,0.03995658457279205,8.033138874452561e-05,0.017296122387051582,0.010522902011871338,0.08653751015663147,0.0,0.0,0.0005184928886592388,0.0008720886151963715,,,
509,True,,,,,0.0,,,,,,0.002577959094196558,0.037809502333402634,4.8101712309289724e-05,0.02126459591090679,0.014016196131706238,0.086543969810009,0.0,0.0,0.0006873669917695224,0.0008715893339786366,,,
510,True,,,,,0.0,,,,,,0.0024772216565907,0.04495254158973694,6.275133637245744e-05,0.022579355165362358,0.014710000716149807,0.08655031025409698,0.0,0.0,0.0006615775055252016,0.0008710892423417383,,,
511,True,,,,,0.0,,,,,,0.0038866503164172173,0.04333803430199623,3.079832822550088e-05,0.033571433275938034,0.0244700126349926,0.08655690401792526,0.0,0.0,0.0007166615687310696,0.000870588341545929,,,
512,True,,,,,0.0,,,,,,0.0033792518079280853,0.04688899219036102,4.308111238060519e-05,0.027728687971830368,0.018773363903164864,0.08656303584575653,0.0,0.0,0.0008145259344018996,0.0008700866328535009,,,
513,True,,,,,0.0,,,,,,0.004317427519708872,0.044468123465776443,4.181037002126686e-05,0.03575034812092781,0.026099510490894318,0.08656959235668182,0.0,0.0,0.0008082896238192916,0.0008695841175287814,,,
514,True,,,,,0.0,,,,,,0.004624742083251476,0.06458772718906403,8.300004992634058e-05,0.041453927755355835,0.02946314960718155,0.08657651394605637,0.0,0.0,0.000808380835223943,0.0008690807968381316,,,
515,True,,,,,0.0,,,,,,0.002660435391589999,0.05248115211725235,4.107535278308205e-05,0.027237003669142723,0.01844208315014839,0.08658328652381897,0.0,0.0,0.000566631555557251,0.0008685766720499413,,,
516,True,,,,,0.0,,,,,,0.004234983120113611,0.05848883092403412,8.033138874452561e-05,0.03525958210229874,0.024269647896289825,0.0865902230143547,0.0,0.0,0.0007282784790731966,0.000868071744434627,,,
517,True,,,,,0.0,,,,,,0.004164748825132847,0.0601392425596714,4.8101712309289724e-05,0.03602220118045807,0.024953505024313927,0.08659737557172775,0.0,0.0,0.0007546392153017223,0.0008675660152646283,,,
518,True,,,,,0.0,,,,,,0.002697410760447383,0.03443391993641853,6.275133637245744e-05,0.02423098497092724,0.017192762345075607,0.08660446852445602,0.0,0.0,0.000740230199880898,0.0008670594858144049,,,
519,True,,,,,0.0,,,,,,0.0018213156145066023,0.043894700706005096,3.079832822550088e-05,0.017367588356137276,0.010275287553668022,0.08661162108182907,0.0,0.0,0.00048096192767843604,0.000866552157360433,,,
520,True,,,,,0.0,,,,,,0.003108092350885272,0.04262702539563179,4.308111238060519e-05,0.027071738615632057,0.018813222646713257,0.08661811798810959,0.0,0.0,0.0008597630658186972,0.0008660440311812028,,,
521,True,,,,,0.0,,,,,,0.0016530909342691302,0.04078025743365288,4.181037002126686e-05,0.016433270648121834,0.009815005585551262,0.08662433177232742,0.0,0.0,0.00048006486031226814,0.000865535108557214,,,
522,True,,,,,0.0,,,,,,0.0038978634402155876,0.043962590396404266,8.300004992634058e-05,0.030904078856110573,0.021702155470848083,0.08663014322519302,0.0,0.0,0.0006507700309157372,0.0008650253907709741,,,
523,True,,,,,0.0,,,,,,0.00238802470266819,0.042070381343364716,4.107535278308205e-05,0.021706709638237953,0.014224749058485031,0.08663583546876907,0.0,0.0,0.0005405599367804825,0.0008645148791069939,,,
524,True,,,,,0.0,,,,,,0.00524591188877821,0.07129678130149841,8.033138874452561e-05,0.04315786808729172,0.029875699430704117,0.086641326546669,0.0,0.0,0.000889375398401171,0.0008640035748517854,,,
525,True,,,,,0.0,,,,,,0.007573211565613747,0.0766548216342926,4.8101712309289724e-05,0.06255342811346054,0.04642421007156372,0.0866471379995346,0.0,0.0,0.0010111266747117043,0.0008634914792938577,,,
526,True,,,,,0.0,,,,,,0.0025820645969361067,0.04464735463261604,6.275133637245744e-05,0.025611484423279762,0.017666775733232498,0.08665325492620468,0.0,0.0,0.0006190384738147259,0.0008629785937237138,,,
527,True,,,,,0.0,,,,,,0.005359956994652748,0.046109579503536224,3.079832822550088e-05,0.04158686101436615,0.030733950436115265,0.0866595134139061,0.0,0.0,0.0009170643170364201,0.0008624649194338476,,,
528,True,,,,,0.0,,,,,,0.002901010913774371,0.04761191084980965,4.308111238060519e-05,0.02891460992395878,0.020364202558994293,0.08666647970676422,0.0,0.0,0.0006919879233464599,0.0008619504577187411,,,
529,True,,,,,0.0,,,,,,0.0040558744221925735,0.04786624759435654,4.181037002126686e-05,0.029260586947202682,0.01953044906258583,0.08667333424091339,0.0,0.0,0.0007437472813762724,0.0008614352098748598,,,
530,True,,,,,0.0,,,,,,0.0024725485127419233,0.04907692223787308,8.300004992634058e-05,0.02504081092774868,0.016752272844314575,0.08667971938848495,0.0,0.0,0.0007003960199654102,0.0008609191772006511,,,
531,True,,,,,0.0,,,,,,0.001872620778158307,0.043037593364715576,4.107535278308205e-05,0.01831546053290367,0.011251676827669144,0.0866866335272789,0.0,0.0,0.00060535769443959,0.0008604023609965398,,,
532,True,,,,,0.0,,,,,,0.004655726253986359,0.05394880101084709,8.033138874452561e-05,0.03845367580652237,0.02749597281217575,0.08669326454401016,0.0,0.0,0.0008489293395541608,0.0008598847625649255,,,
533,True,,,,,0.0,,,,,,0.003769197501242161,0.04585997760295868,4.8101712309289724e-05,0.030459536239504814,0.021213289350271225,0.08670009672641754,0.0,0.0,0.0008238576119765639,0.0008593663832101783,,,
534,True,,,,,0.0,,,,,,0.003455087309703231,0.047610629349946976,6.275133637245744e-05,0.025196097791194916,0.01608150824904442,0.08670654892921448,0.0,0.0,0.0006057957070879638,0.0008588472242386375,,,
535,True,,,,,0.0,,,,,,0.0019161642994731665,0.03974488750100136,3.079832822550088e-05,0.017842957749962807,0.01106977742165327,0.0867127850651741,0.0,0.0,0.0005238334997557104,0.000858327286958606,,,
536,True,,,,,0.0,,,,,,0.005323248915374279,0.05076933279633522,4.308111238060519e-05,0.04918516427278519,0.037896253168582916,0.08671893179416656,0.0,0.0,0.0009841902647167444,0.0008578065726803483,,,
537,True,,,,,0.0,,,,,,0.0054769678972661495,0.08231466263532639,4.181037002126686e-05,0.04685560241341591,0.032259006053209305,0.08672554045915604,0.0,0.0,0.0008040249231271446,0.0008572850827160874,,,
538,True,,,,,0.0,,,,,,0.0021493975073099136,0.03249132260680199,8.300004992634058e-05,0.016740676015615463,0.010433323681354523,0.08673220872879028,0.0,0.0,0.0005892483168281615,0.0008567628183800007,,,
539,True,,,,,0.0,,,,,,0.004417757969349623,0.0643765777349472,4.107535278308205e-05,0.03577132895588875,0.0240279920399189,0.08673857897520065,0.0,0.0,0.0007386688375845551,0.0008562397809882171,,,
540,True,,,,,0.0,,,,,,0.0032602499704807997,0.05175820738077164,8.033138874452561e-05,0.027971571311354637,0.018627887591719627,0.08674471825361252,0.0,0.0,0.0007575943600386381,0.0008557159718588136,,,
541,True,,,,,0.0,,,,,,0.0025587384589016438,0.0568716898560524,4.8101712309289724e-05,0.027077186852693558,0.017939720302820206,0.08675088733434677,0.0,0.0,0.0007026148377917707,0.0008551913923118122,,,
542,True,,,,,0.0,,,,,,0.005339924246072769,0.0660984069108963,6.275133637245744e-05,0.0447806678712368,0.03193195164203644,0.08675754070281982,0.0,0.0,0.0008188848732970655,0.0008546660436691764,,,
543,True,,,,,0.0,,,,,,0.0038775175344198942,0.058559779077768326,3.079832822550088e-05,0.03513411059975624,0.02451758086681366,0.08676351606845856,0.0,0.0,0.0007433082209900022,0.0008541399272548074,,,
544,True,,,,,0.0,,,,,,0.00293574552051723,0.04510717839002609,4.308111238060519e-05,0.02733815275132656,0.019002456218004227,0.08676924556493759,0.0,0.0,0.0007923388038761914,0.0008536130443945417,,,
545,True,,,,,0.0,,,,,,0.0016674860380589962,0.03449959307909012,4.181037002126686e-05,0.016394678503274918,0.010388579219579697,0.08677481859922409,0.0,0.0,0.0005042493576183915,0.0008530853964161471,,,
546,True,,,,,0.0,,,,,,0.0017937602242454886,0.035444557666778564,8.300004992634058e-05,0.016092319041490555,0.00984480232000351,0.0867801383137703,0.0,0.0,0.0005406081909313798,0.0008525569846493194,,,
547,True,,,,,0.0,,,,,,0.002994012786075473,0.042757757008075714,4.107535278308205e-05,0.021777383983135223,0.013619203120470047,0.08678539097309113,0.0,0.0,0.0006032855599187315,0.0008520278104256796,,,
548,True,,,,,0.0,,,,,,0.00344131700694561,0.048252105712890625,8.033138874452561e-05,0.03008732758462429,0.02091273106634617,0.08679026365280151,0.0,0.0,0.0007132865721359849,0.0008514978750787696,,,
549,True,,,,,0.0,,,,,,0.001441324595361948,0.034580569714307785,4.8101712309289724e-05,0.015085256658494473,0.009293871931731701,0.08679524064064026,0.0,0.0,0.0004436317249201238,0.0008509671799440498,,,
550,True,,,,,0.0,,,,,,0.0017881928943097591,0.035296984016895294,6.275133637245744e-05,0.017058946192264557,0.010841678828001022,0.08680010586977005,0.0,0.0,0.0005159591673873365,0.000850435726358895,,,
551,True,,,,,0.0,,,,,,0.004049418494105339,0.05003553256392479,3.079832822550088e-05,0.03612888231873512,0.02619246020913124,0.08680511265993118,0.0,0.0,0.0008421075181104243,0.0008499035156625916,,,
552,True,,,,,0.0,,,,,,0.003142027650028467,0.05290418490767479,4.308111238060519e-05,0.02723865583539009,0.017916567623615265,0.08681011199951172,0.0,0.0,0.0006268137949518859,0.0008493705491963336,,,
553,True,,,,,0.0,,,,,,0.003528585424646735,0.05650930851697922,4.181037002126686e-05,0.03461776673793793,0.02454918622970581,0.08681554347276688,0.0,0.0,0.000772966246586293,0.0008488368283032198,,,
554,True,,,,,0.0,,,,,,0.0024775550700724125,0.04847736284136772,8.300004992634058e-05,0.025530681014060974,0.017295673489570618,0.08682163059711456,0.0,0.0,0.000655332871247083,0.0008483023543282502,,,
555,True,,,,,0.0,,,,,,0.0036739055067300797,0.05436848849058151,4.107535278308205e-05,0.029994197189807892,0.019994627684354782,0.08682777732610703,0.0,0.0,0.0009319686214439571,0.0008477671286183226,,,
556,True,,,,,0.0,,,,,,0.0011446771677583456,0.03598316013813019,8.033138874452561e-05,0.012200887314975262,0.006549387704581022,0.08683409541845322,0.0,0.0,0.0004511519509833306,0.000847231152522229,,,
557,True,,,,,0.0,,,,,,0.0043091485276818275,0.058164335787296295,4.8101712309289724e-05,0.03560582920908928,0.02458779327571392,0.08684007078409195,0.0,0.0,0.0008495822548866272,0.0008466944273906529,,,
558,True,,,,,0.0,,,,,,0.0024965214543044567,0.04213017597794533,6.275133637245744e-05,0.024459287524223328,0.016849912703037262,0.08684609085321426,0.0,0.0,0.0006274263141676784,0.0008461569545761646,,,
559,True,,,,,0.0,,,,,,0.004560546018183231,0.06187156215310097,3.079832822550088e-05,0.038751401007175446,0.02711978182196617,0.08685179054737091,0.0,0.0,0.0007814791169948876,0.0008456187354332193,,,
560,True,,,,,0.0,,,,,,0.005330327898263931,0.05666843429207802,4.308111238060519e-05,0.04499693587422371,0.033109650015830994,0.08685749024152756,0.0,0.0,0.0009064762853085995,0.0008450797713181528,,,
561,True,,,,,0.0,,,,,,0.004992011468857527,0.05969617888331413,4.181037002126686e-05,0.041961461305618286,0.03011029027402401,0.08686363697052002,0.0,0.0,0.0007119941292330623,0.0008445400635891783,,,
562,True,,,,,0.0,,,,,,0.005750991404056549,0.06509728729724884,8.300004992634058e-05,0.04680194705724716,0.03363102674484253,0.08686988800764084,0.0,0.0,0.0008796567562967539,0.0008439996136063825,,,
563,True,,,,,0.0,,,,,,0.002906272653490305,0.04748700559139252,4.107535278308205e-05,0.02852107211947441,0.019976794719696045,0.08687683194875717,0.0,0.0,0.0007304343162104487,0.0008434584227317232,,,
564,True,,,,,0.0,,,,,,0.005112788174301386,0.07265350222587585,8.033138874452561e-05,0.044599927961826324,0.03131278604269028,0.08688388019800186,0.0,0.0,0.0009114661370404065,0.0008429164923290249,,,
565,True,,,,,0.0,,,,,,0.0046493979170918465,0.05299031361937523,4.8101712309289724e-05,0.03487672656774521,0.02403532899916172,0.08689146488904953,0.0,0.0,0.0008327762479893863,0.000842373823763976,,,
566,True,,,,,0.0,,,,,,0.005021196324378252,0.06120473891496658,6.275133637245744e-05,0.04142959415912628,0.029387548565864563,0.08689973503351212,0.0,0.0,0.0008148933411575854,0.0008418304184041249,,,
567,True,,,,,0.0,,,,,,0.0031765634194016457,0.05519052594900131,3.079832822550088e-05,0.027625735849142075,0.018045645207166672,0.08690769225358963,0.0,0.0,0.0006810780614614487,0.0008412862776188769,,,
568,True,,,,,0.0,,,,,,0.0031027025543153286,0.04977252334356308,4.308111238060519e-05,0.02771909534931183,0.018748445436358452,0.08691556751728058,0.0,0.0,0.0007642124546691775,0.0008407414027794906,,,
569,True,,,,,0.0,,,,,,0.0023796490859240294,0.04125650227069855,4.181037002126686e-05,0.01835557632148266,0.010960137471556664,0.08692346513271332,0.0,0.0,0.0005329028354026377,0.0008401957952590742,,,
570,True,,,,,0.0,,,,,,0.003135284408926964,0.04770304635167122,8.300004992634058e-05,0.027006234973669052,0.01818983629345894,0.08693090826272964,0.0,0.0,0.0007352175889536738,0.0008396494564325825,,,
571,True,,,,,0.0,,,,,,0.003857071977108717,0.060819946229457855,4.107535278308205e-05,0.03308551385998726,0.022256523370742798,0.08693858981132507,0.0,0.0,0.0006012749508954585,0.0008391023876768134,,,
572,True,,,,,0.0,,,,,,0.005505284294486046,0.05936845391988754,8.033138874452561e-05,0.045437008142471313,0.03308524936437607,0.08694605529308319,0.0,0.0,0.0008717667078599334,0.0008385545903704039,,,
573,True,,,,,0.0,,,,,,0.006475184112787247,0.0742250457406044,4.8101712309289724e-05,0.05064281448721886,0.03585154563188553,0.08695317804813385,0.0,0.0,0.0009976071305572987,0.0008380060658938272,,,
574,True,,,,,0.0,,,,,,0.0037751186173409224,0.05249861255288124,6.275133637245744e-05,0.029988544061779976,0.020062576979398727,0.08696116507053375,0.0,0.0,0.0007243393920361996,0.0008374568156293886,,,
575,True,,,,,0.0,,,,,,0.0025512357242405415,0.038254376500844955,3.079832822550088e-05,0.024169163778424263,0.016907403245568275,0.08696874231100082,0.0,0.0,0.000659616373013705,0.0008369068409612234,,,
576,True,,,,,0.0,,,,,,0.004180097486823797,0.06501341611146927,4.308111238060519e-05,0.03269809111952782,0.021125352010130882,0.08697593212127686,0.0,0.0,0.000573447672650218,0.0008363561432752911,,,
577,True,,,,,0.0,,,,,,0.004195522051304579,0.07582741975784302,4.181037002126686e-05,0.038158707320690155,0.02548970654606819,0.08698312193155289,0.0,0.0,0.0006897413404658437,0.0008358047239593743,,,
578,True,,,,,0.0,,,,,,0.004823545925319195,0.052193813025951385,8.300004992634058e-05,0.04242590069770813,0.03147156536579132,0.08699057996273041,0.0,0.0,0.001113992533646524,0.0008352525844030739,,,
579,True,,,,,0.0,,,,,,0.0021132405381649733,0.039833053946495056,4.107535278308205e-05,0.02051418460905552,0.013527115806937218,0.08699864149093628,0.0,0.0,0.0006090981187298894,0.0008346997259978051,,,
580,True,,,,,0.0,,,,,,0.0033739060163497925,0.05581790581345558,8.033138874452561e-05,0.02997644431889057,0.020110517740249634,0.0870063528418541,0.0,0.0,0.0008630575612187386,0.0008341461501367958,,,
581,True,,,,,0.0,,,,,,0.003513933625072241,0.062086526304483414,4.8101712309289724e-05,0.034554194658994675,0.023937424644827843,0.08701349049806595,0.0,0.0,0.0007609649328514934,0.0008335918582150812,,,
582,True,,,,,0.0,,,,,,0.0026696508284658194,0.05486799776554108,6.275133637245744e-05,0.02393951639533043,0.014881481416523457,0.08702101558446884,0.0,0.0,0.0007300337310880423,0.0008330368516295009,,,
583,True,,,,,0.0,,,,,,0.0014258696464821696,0.04121534153819084,3.079832822550088e-05,0.014317186549305916,0.007884101010859013,0.08702829480171204,0.0,0.0,0.00048092519864439964,0.0008324811317786959,,,
584,True,,,,,0.0,,,,,,0.0032390356063842773,0.06079050526022911,4.308111238060519e-05,0.027841027826070786,0.01763105019927025,0.0870351567864418,0.0,0.0,0.0007400670438073575,0.0008319247000631048,,,
585,True,,,,,0.0,,,,,,0.005803748033940792,0.07790502905845642,4.181037002126686e-05,0.04568567872047424,0.031200099736452103,0.08704220503568649,0.0,0.0,0.0008951367344707251,0.0008313675578849591,,,
586,True,,,,,0.0,,,,,,0.0033187977969646454,0.03888028860092163,8.300004992634058e-05,0.02596999518573284,0.017851170152425766,0.08704978972673416,0.0,0.0,0.0007854484138078988,0.000830809706648282,,,
587,True,,,,,0.0,,,,,,0.0034576847683638334,0.04743326082825661,4.107535278308205e-05,0.02843870408833027,0.019346579909324646,0.0870576873421669,0.0,0.0,0.0006578922620974481,0.0008302511477588828,,,
588,True,,,,,0.0,,,,,,0.003134453436359763,0.05039076507091522,8.033138874452561e-05,0.027246719226241112,0.01816236972808838,0.08706536889076233,0.0,0.0,0.0006419791607186198,0.0008296918826243544,,,
589,True,,,,,0.0,,,,,,0.002707645995542407,0.06003807485103607,4.8101712309289724e-05,0.028000280261039734,0.018394049257040024,0.08707278221845627,0.0,0.0,0.0007259348058141768,0.0008291319126540692,,,
590,True,,,,,0.0,,,,,,0.004793303553014994,0.06907510757446289,6.275133637245744e-05,0.037452828139066696,0.02484983392059803,0.08708036690950394,0.0,0.0,0.0007404828793369234,0.0008285712392591759,,,
591,True,,,,,0.0,,,,,,0.0009622552315704525,0.02507925033569336,3.079832822550088e-05,0.010074586607515812,0.0057181245647370815,0.0870882198214531,0.0,0.0,0.0004167172301094979,0.0008280098638525961,,,
592,True,,,,,0.0,,,,,,0.001946109114214778,0.03140769898891449,4.308111238060519e-05,0.020620187744498253,0.014640810899436474,0.08709561079740524,0.0,0.0,0.0005779637722298503,0.0008274477878490205,,,
593,True,,,,,0.0,,,,,,0.004433357156813145,0.055875591933727264,4.181037002126686e-05,0.03825446590781212,0.02734161540865898,0.0871027410030365,0.0,0.0,0.0006757048540748656,0.0008268850126649047,,,
594,True,,,,,0.0,,,,,,0.004388422705233097,0.05750400573015213,8.300004992634058e-05,0.03886713087558746,0.02781570702791214,0.08711005747318268,0.0,0.0,0.0007246685563586652,0.0008263215397184673,,,
595,True,,,,,0.0,,,,,,0.005429715849459171,0.05251797288656235,4.107535278308205e-05,0.04415593296289444,0.032582711428403854,0.0871170237660408,0.0,0.0,0.0009094722336158156,0.0008257573704296841,,,
596,True,,,,,0.0,,,,,,0.003670032601803541,0.059822842478752136,8.033138874452561e-05,0.03476381301879883,0.024200089275836945,0.08712412416934967,0.0,0.0,0.0008629971416667104,0.0008251925062202868,,,
597,True,,,,,0.0,,,,,,0.007128637284040451,0.061339013278484344,4.8101712309289724e-05,0.05393296852707863,0.039775069802999496,0.0871310755610466,0.0,0.0,0.0008895336650311947,0.000824626948513758,,,
598,True,,,,,0.0,,,,,,0.002742647659033537,0.04329964518547058,6.275133637245744e-05,0.026063919067382812,0.018088553100824356,0.08713797479867935,0.0,0.0,0.0006897446000948548,0.0008240606987353274,,,
599,True,,,,,0.0,,,,,,0.004402763210237026,0.0730593204498291,3.079832822550088e-05,0.03863909840583801,0.026043549180030823,0.08714517205953598,0.0,0.0,0.0008749515400268137,0.0008234937583119691,,,
600,True,,,,,0.0,,,,,,0.003529750742018223,0.05004287138581276,4.308111238060519e-05,0.03142892196774483,0.02200181782245636,0.08715251088142395,0.0,0.0,0.0008250831160694361,0.0008229261286723981,0.0004124629405597295,0.0006520706652518581,2.223866821862677e-05
601,True,,,,,0.0,,,,,,0.0019344859756529331,0.04484599828720093,4.181037002126686e-05,0.020180178806185722,0.012868586927652359,0.08716006577014923,0.0,0.0,0.0005258138990029693,0.0008223578112470658,,,
602,True,,,,,0.0,,,,,,0.002426167717203498,0.03632711246609688,8.300004992634058e-05,0.022326964884996414,0.015354912728071213,0.08716734498739243,0.0,0.0,0.0006180673954077065,0.000821788807468157,,,
603,True,,,,,0.0,,,,,,0.004265194293111563,0.05330556631088257,4.107535278308205e-05,0.03303728997707367,0.022549256682395935,0.08717422932386398,0.0,0.0,0.0007276431424543262,0.0008212191187695857,,,
604,True,,,,,0.0,,,,,,0.0059663644060492516,0.05749716982245445,8.033138874452561e-05,0.046963926404714584,0.03433586657047272,0.08718118071556091,0.0,0.0,0.0008786593098193407,0.0008206487465869927,,,
605,True,,,,,0.0,,,,,,0.0028630977030843496,0.047332294285297394,4.8101712309289724e-05,0.026936626061797142,0.0184443648904562,0.08718841522932053,0.0,0.0,0.0006916738930158317,0.0008200776923577406,,,
606,True,,,,,0.0,,,,,,0.0016847585793584585,0.03418764844536781,6.275133637245744e-05,0.016951076686382294,0.010944221168756485,0.08719555288553238,0.0,0.0,0.0005821337108500302,0.0008195059575209109,,,
607,True,,,,,0.0,,,,,,0.004223056137561798,0.05273687094449997,3.079832822550088e-05,0.034071292728185654,0.023687126114964485,0.08720239251852036,0.0,0.0,0.0006895040278322995,0.0008189335435173004,,,
608,True,,,,,0.0,,,,,,0.0027175373397767544,0.04589173197746277,4.308111238060519e-05,0.025192338973283768,0.0169919952750206,0.08720922470092773,0.0,0.0,0.000590172247029841,0.0008183604517894177,,,
609,True,,,,,0.0,,,,,,0.003189217299222946,0.05208946764469147,4.181037002126686e-05,0.027340127155184746,0.018048901110887527,0.08721554279327393,0.0,0.0,0.0007175430655479431,0.0008177866837814786,,,
610,True,,,,,0.0,,,,,,0.00464295968413353,0.049156785011291504,8.300004992634058e-05,0.04079075902700424,0.030318396165966988,0.08722256869077682,0.0,0.0,0.0007907583494670689,0.0008172122409394036,,,
611,True,,,,,0.0,,,,,,0.003594613168388605,0.054552026093006134,4.107535278308205e-05,0.031792961061000824,0.021850310266017914,0.08722983300685883,0.0,0.0,0.000810069206636399,0.0008166371247108139,,,
612,True,,,,,0.0,,,,,,0.0028622206300497055,0.04263286292552948,8.033138874452561e-05,0.025503672659397125,0.017465628683567047,0.08723711222410202,0.0,0.0,0.0006081564351916313,0.0008160613365450275,,,
613,True,,,,,0.0,,,,,,0.0029032272286713123,0.03881678730249405,4.8101712309289724e-05,0.02448575384914875,0.016804354265332222,0.08724423497915268,0.0,0.0,0.0007632615161128342,0.0008154848778930555,,,
614,True,,,,,0.0,,,,,,0.0035703410394489765,0.0670376718044281,6.275133637245744e-05,0.03454304113984108,0.023365039378404617,0.0872517079114914,0.0,0.0,0.0007561166421510279,0.0008149077502075991,,,
615,True,,,,,0.0,,,,,,0.0037781852297484875,0.05465560406446457,3.079832822550088e-05,0.03667481243610382,0.02654307521879673,0.0872594341635704,0.0,0.0,0.0008584483293816447,0.000814329954943045,,,
616,True,,,,,0.0,,,,,,0.006649010814726353,0.06116117537021637,4.308111238060519e-05,0.0522148497402668,0.038555510342121124,0.08726713061332703,0.0,0.0,0.0010810840176418424,0.0008137514935554629,,,
617,True,,,,,0.0,,,,,,0.005949923302978277,0.07395466417074203,4.181037002126686e-05,0.046760935336351395,0.03252189978957176,0.08727440983057022,0.0,0.0,0.0007989425212144852,0.0008131723675026005,,,
618,True,,,,,0.0,,,,,,0.004112512804567814,0.05535654351115227,8.300004992634058e-05,0.03116082400083542,0.02059834450483322,0.08728127181529999,0.0,0.0,0.0007246529567055404,0.0008125925782438806,,,
619,True,,,,,0.0,,,,,,0.0027200763579458,0.042076822370290756,4.107535278308205e-05,0.027794213965535164,0.019973039627075195,0.08728785812854767,0.0,0.0,0.0009204987436532974,0.0008120121272403979,,,
620,True,,,,,0.0,,,,,,0.0037623790558427572,0.0501447468996048,8.033138874452561e-05,0.030671900138258934,0.020981935784220695,0.08729460835456848,0.0,0.0,0.0006719864322803915,0.0008114310159549139,,,
621,True,,,,,0.0,,,,,,0.002650585025548935,0.054283637553453445,4.8101712309289724e-05,0.02809908427298069,0.019123069941997528,0.08730137348175049,0.0,0.0,0.0006878995336592197,0.0008108492458518544,,,
622,True,,,,,0.0,,,,,,0.003714421298354864,0.059234730899333954,6.275133637245744e-05,0.0314541831612587,0.02091183513402939,0.08730791509151459,0.0,0.0,0.0007157798390835524,0.0008102668183973056,,,
623,True,,,,,0.0,,,,,,0.0027300319634377956,0.047350551933050156,3.079832822550088e-05,0.022180594503879547,0.013826961629092693,0.087314672768116,0.0,0.0,0.0005318484618328512,0.00080968373505901,,,
624,True,,,,,0.0,,,,,,0.003606895450502634,0.04710756614804268,4.308111238060519e-05,0.033586468547582626,0.024374065920710564,0.0873212143778801,0.0,0.0,0.0006782059208489954,0.0008090999973063633,,,
625,True,,,,,0.0,,,,,,0.0034748422913253307,0.06497962772846222,4.181037002126686e-05,0.031260762363672256,0.020393777638673782,0.08732744306325912,0.0,0.0,0.0007876518066041172,0.00080851560661041,,,
626,True,,,,,0.0,,,,,,0.004471956752240658,0.04730590432882309,8.300004992634058e-05,0.035605885088443756,0.025488507002592087,0.08733316510915756,0.0,0.0,0.0007088336860761046,0.00080793056444384,,,
627,True,,,,,0.0,,,,,,0.0033372659236192703,0.04203781485557556,4.107535278308205e-05,0.028546808287501335,0.02011183649301529,0.08733869343996048,0.0,0.0,0.0006738814408890903,0.0008073448722809854,,,
628,True,,,,,0.0,,,,,,0.003160332329571247,0.04968797788023949,8.033138874452561e-05,0.028172874823212624,0.01913013495504856,0.08734451979398727,0.0,0.0,0.0007157843792811036,0.0008067585315978158,,,
629,True,,,,,0.0,,,,,,0.0036735231988132,0.05826558917760849,4.8101712309289724e-05,0.03427523374557495,0.023877596482634544,0.0873507633805275,0.0,0.0,0.0008979342528618872,0.0008061715438719355,,,
630,True,,,,,0.0,,,,,,0.0018063387833535671,0.03961925208568573,6.275133637245744e-05,0.017353609204292297,0.010680394247174263,0.08735750615596771,0.0,0.0,0.0006447953637689352,0.0008055839105825791,,,
631,True,,,,,0.0,,,,,,0.0028667859733104706,0.04849836975336075,3.079832822550088e-05,0.02939623035490513,0.02079056203365326,0.0873645469546318,0.0,0.0,0.0007601930410601199,0.0008049956332106079,,,
632,True,,,,,0.0,,,,,,0.003967448603361845,0.056849405169487,4.308111238060519e-05,0.034030042588710785,0.023482399061322212,0.08737165480852127,0.0,0.0,0.0006800565170124173,0.0008044067132385071,,,
633,True,,,,,0.0,,,,,,0.002318513346835971,0.03639386221766472,4.181037002126686e-05,0.020757699385285378,0.013905106112360954,0.08737882226705551,0.0,0.0,0.0006034927209839225,0.0008038171521503805,,,
634,True,,,,,0.0,,,,,,0.00346976425498724,0.069597989320755,8.300004992634058e-05,0.035498350858688354,0.02415343001484871,0.08738576620817184,0.0,0.0,0.0007371000829152763,0.0008032269514319474,,,
635,True,,,,,0.0,,,,,,0.004122930578887463,0.059767864644527435,4.107535278308205e-05,0.03650481998920441,0.02551063522696495,0.08739317208528519,0.0,0.0,0.0007531410665251315,0.0008026361125705401,,,
636,True,,,,,0.0,,,,,,0.004061159677803516,0.06333228200674057,8.033138874452561e-05,0.037264950573444366,0.02595639042556286,0.08740054070949554,0.0,0.0,0.0007921598735265434,0.0008020446370550978,,,
637,True,,,,,0.0,,,,,,0.006945572327822447,0.06000376492738724,4.8101712309289724e-05,0.052364762872457504,0.038520678877830505,0.08740841597318649,0.0,0.0,0.0009094304987229407,0.0008014525263761647,,,
638,True,,,,,0.0,,,,,,0.003224574960768223,0.048247918486595154,6.275133637245744e-05,0.02942161075770855,0.020466703921556473,0.08741644769906998,0.0,0.0,0.0007422622293233871,0.0008008597820258858,,,
639,True,,,,,0.0,,,,,,0.0033204210922122,0.03998762369155884,3.079832822550088e-05,0.030742360278964043,0.022533537819981575,0.08742408454418182,0.0,0.0,0.0009172239806503057,0.0008002664054980026,,,
640,True,,,,,0.0,,,,,,0.0019853555131703615,0.05227237939834595,4.2371510062366724e-05,0.01971999742090702,0.011611899361014366,0.08743199706077576,0.0,0.0,0.0005891093169339001,0.0007996723982878496,,,
641,True,,,,,0.0,,,,,,0.00395570881664753,0.05690542981028557,4.050010102218948e-05,0.03017284907400608,0.019631948322057724,0.08743979036808014,0.0,0.0,0.0008595716790296137,0.0007990777618923514,,,
642,True,,,,,0.0,,,,,,0.003603571793064475,0.054294805973768234,8.125689782900736e-05,0.03356325626373291,0.023615099489688873,0.08744753152132034,0.0,0.0,0.0009371655178256333,0.0007984824978100174,,,
643,True,,,,,0.0,,,,,,0.003394046565517783,0.05871213972568512,4.024348163511604e-05,0.030902164056897163,0.020742224529385567,0.087455615401268,0.0,0.0,0.0006858370616100729,0.0007978866075409391,,,
644,True,,,,,0.0,,,,,,0.0033285487443208694,0.04869712144136429,7.801062747603282e-05,0.030384110286831856,0.0212722048163414,0.08746381103992462,0.0,0.0,0.0008815604378469288,0.000797290092586786,,,
645,True,,,,,0.0,,,,,,0.0025546522811055183,0.04566596820950508,4.629028990166262e-05,0.024425631389021873,0.01640651375055313,0.08747221529483795,0.0,0.0,0.00067621044581756,0.0007966929544508018,,,
646,True,,,,,0.0,,,,,,0.0016306641045957804,0.04257771372795105,6.110709364293143e-05,0.017099741846323013,0.010305946692824364,0.08748053759336472,0.0,0.0,0.000648834859021008,0.0007960951946378009,,,
647,True,,,,,0.0,,,,,,0.0016589354490861297,0.041217416524887085,2.969668639707379e-05,0.01702023111283779,0.010349818505346775,0.08748859167098999,0.0,0.0,0.0007385668577626348,0.0007954968146541638,,,
648,True,,,,,0.0,,,,,,0.0029758585151284933,0.04978250712156296,4.199449540465139e-05,0.025220835581421852,0.016370762139558792,0.0874965637922287,0.0,0.0,0.0007169751916080713,0.0007948978160078344,,,
649,True,,,,,0.0,,,,,,0.0024975482374429703,0.05385264381766319,4.0221824747277424e-05,0.02368762716650963,0.014909659512341022,0.0875045582652092,0.0,0.0,0.0005635698908008635,0.0007942982002083152,,,
650,True,,,,,0.0,,,,,,0.0034389477223157883,0.052171364426612854,8.09043413028121e-05,0.027836468070745468,0.018264804035425186,0.08751256763935089,0.0,0.0,0.0006876452243886888,0.0007936979687666647,,,
651,True,,,,,0.0,,,,,,0.0033208688255399466,0.0479372963309288,4.0180006180889904e-05,0.031183764338493347,0.022173870354890823,0.08752043545246124,0.0,0.0,0.0007211206248030066,0.0007930971231954919,,,
652,True,,,,,0.0,,,,,,0.0025926462840288877,0.044043585658073425,7.560888479929417e-05,0.018396222963929176,0.010486137121915817,0.08752774447202682,0.0,0.0,0.0005121840513311327,0.0007924956650089539,,,
653,True,,,,,0.0,,,,,,0.002546916715800762,0.04615042731165886,4.458115654415451e-05,0.024329379200935364,0.016269784420728683,0.08753448724746704,0.0,0.0,0.000584215042181313,0.0007918935957227516,,,
654,True,,,,,0.0,,,,,,0.0021067436318844557,0.04146173596382141,5.985371535643935e-05,0.019282378256320953,0.012124123051762581,0.0875411406159401,0.0,0.0,0.000561164109967649,0.0007912909168541262,,,
655,True,,,,,0.0,,,,,,0.003493013558909297,0.06307357549667358,2.873218181775883e-05,0.033929597586393356,0.023239385336637497,0.08754777908325195,0.0,0.0,0.0007636207155883312,0.0007906876299218544,,,
656,True,,,,,0.0,,,,,,0.0037866709753870964,0.05202361196279526,3.9180224121082574e-05,0.02872026339173317,0.01883609965443611,0.08755403757095337,0.0,0.0,0.0008167906198650599,0.0007900837364462459,,,
657,True,,,,,0.0,,,,,,0.004032655619084835,0.062824547290802,3.8603458961006254e-05,0.03541577607393265,0.0242057666182518,0.08755961060523987,0.0,0.0,0.0007561963284388185,0.0007894792379491383,,,
658,True,,,,,0.0,,,,,,0.005121391732245684,0.060048285871744156,8.124334999592975e-05,0.042646199464797974,0.03060370869934559,0.08756482601165771,0.0,0.0,0.0009155338630080223,0.0007888741359538946,,,
659,True,,,,,0.0,,,,,,0.003284977748990059,0.0519050732254982,3.901766467606649e-05,0.029057925567030907,0.0196872279047966,0.08757045120000839,0.0,0.0,0.0007780592422932386,0.0007882684319853979,,,
660,True,,,,,0.0,,,,,,0.003032398410141468,0.04741578921675682,7.170699973357841e-05,0.02895345538854599,0.02026785910129547,0.08757657557725906,0.0,0.0,0.0007331750821322203,0.0007876621275700488,,,
661,True,,,,,0.0,,,,,,0.0029768641106784344,0.05209987983107567,4.1795079596340656e-05,0.02930116280913353,0.020217586308717728,0.08758275210857391,0.0,0.0,0.0005700219189748168,0.0007870552242357609,,,
662,True,,,,,0.0,,,,,,0.0044085062108933926,0.056167878210544586,6.025240872986615e-05,0.03165300562977791,0.02072170004248619,0.08758831769227982,0.0,0.0,0.0007523613749071956,0.0007864477235119571,,,
663,True,,,,,0.0,,,,,,0.005323785822838545,0.05607536435127258,2.6769344913191162e-05,0.042035870254039764,0.030215226113796234,0.08759358525276184,0.0,0.0,0.0007558476645499468,0.0007858396269295656,,,
664,True,,,,,0.0,,,,,,0.0030602985061705112,0.04421605169773102,3.9689628465566784e-05,0.028339391574263573,0.019961653277277946,0.08759897947311401,0.0,0.0,0.0007448059041053057,0.0007852309360210167,,,
665,True,,,,,0.0,,,,,,0.0018316656351089478,0.04181898012757301,3.74749542970676e-05,0.020735863596200943,0.013827522285282612,0.0876038447022438,0.0,0.0,0.0005427529104053974,0.0007846216523202378,,,
666,True,,,,,0.0,,,,,,0.0030584277119487524,0.049157701432704926,8.031451579881832e-05,0.027597881853580475,0.01870744302868843,0.0876084640622139,0.0,0.0,0.0005875012138858438,0.0007840117773626503,,,
667,True,,,,,0.0,,,,,,0.004765926860272884,0.06620202958583832,3.9083402953110635e-05,0.0398133285343647,0.02753152884542942,0.08761303871870041,0.0,0.0,0.0007926685502752662,0.0007834013126851659,,,
668,True,,,,,0.0,,,,,,0.005019387695938349,0.05782192945480347,7.02093675499782e-05,0.039619047194719315,0.027906186878681183,0.08761769533157349,0.0,0.0,0.0008409839356318116,0.0007827902598261825,,,
669,True,,,,,0.0,,,,,,0.002939961850643158,0.03650100901722908,4.2674928408814594e-05,0.025963513180613518,0.018475886434316635,0.08762281388044357,0.0,0.0,0.0005565742612816393,0.0007821786203255797,,,
670,True,,,,,0.0,,,,,,0.004128032363951206,0.05568087473511696,5.835649062646553e-05,0.03664843365550041,0.026046857237815857,0.08762764930725098,0.0,0.0,0.0008192529203370214,0.0007815663957247154,,,
671,True,,,,,0.0,,,,,,0.0013796479906886816,0.05400264635682106,2.751327701844275e-05,0.01438574306666851,0.006715745665132999,0.08763284236192703,0.0,0.0,0.00048723298823460937,0.0007809535875664231,,,
672,True,,,,,0.0,,,,,,0.00396003108471632,0.04769890382885933,3.9963248127605766e-05,0.03143223375082016,0.02180594950914383,0.08763805031776428,0.0,0.0,0.0007944342214614153,0.0007803401973950056,,,
673,True,,,,,0.0,,,,,,0.004882920533418655,0.06390263140201569,3.728436422534287e-05,0.04386737197637558,0.03169910982251167,0.08764322847127914,0.0,0.0,0.001108861993998289,0.0007797262267562329,,,
674,True,,,,,0.0,,,,,,0.00303041934967041,0.05595872551202774,7.867860404076055e-05,0.0256599523127079,0.01611783728003502,0.08764847368001938,0.0,0.0,0.0005797811900265515,0.0007791116771973381,,,
675,True,,,,,0.0,,,,,,0.004376632627099752,0.054484158754348755,3.961460606660694e-05,0.03694954141974449,0.026228152215480804,0.08765353262424469,0.0,0.0,0.0007545764674432576,0.0007784965502670127,,,
676,True,,,,,0.0,,,,,,0.002533452119678259,0.04274517297744751,7.46444275137037e-05,0.023608442395925522,0.015886563807725906,0.08765869587659836,0.0,0.0,0.0006918144645169377,0.0007778808475154036,,,
677,True,,,,,0.0,,,,,,0.002850964665412903,0.040490683168172836,4.450954656931572e-05,0.023404214531183243,0.015605286695063114,0.08766394108533859,0.0,0.0,0.0006701999809592962,0.0007772645704941084,,,
678,True,,,,,0.0,,,,,,0.004466015845537186,0.06595748662948608,6.01450155954808e-05,0.03965296968817711,0.027684438973665237,0.08766905218362808,0.0,0.0,0.000947322288993746,0.0007766477207561724,,,
679,True,,,,,0.0,,,,,,0.001997285056859255,0.040692515671253204,2.8025136998621747e-05,0.018902171403169632,0.011944873258471489,0.08767486363649368,0.0,0.0,0.0005608227802440524,0.0007760302998560836,,,
680,True,,,,,0.0,,,,,,0.004116930067539215,0.04941687732934952,4.015715603600256e-05,0.03907354548573494,0.029118048027157784,0.08768047392368317,0.0,0.0,0.0007864815997891128,0.0007754123093497695,,,
681,True,,,,,0.0,,,,,,0.0031786735635250807,0.046858057379722595,3.730522803380154e-05,0.032605163753032684,0.02384517341852188,0.08768600970506668,0.0,0.0,0.0007419590256176889,0.0007747937507945937,,,
682,True,,,,,0.0,,,,,,0.00405691796913743,0.056012947112321854,7.799248851370066e-05,0.03727930411696434,0.0267051812261343,0.08769157528877258,0.0,0.0,0.0008332501165568829,0.0007741746257493503,,,
683,True,,,,,0.0,,,,,,0.005068199709057808,0.05775070935487747,3.9177160942927e-05,0.03975334018468857,0.028013505041599274,0.08769749850034714,0.0,0.0,0.0007447428652085364,0.0007735549357742617,,,
684,True,,,,,0.0,,,,,,0.0019819000735878944,0.039967335760593414,7.281995931407437e-05,0.01918022520840168,0.012288153171539307,0.08770284056663513,0.0,0.0,0.0004951650043949485,0.0007729346824309735,,,
685,True,,,,,0.0,,,,,,0.0037335108499974012,0.06064726412296295,4.336718120612204e-05,0.03273511305451393,0.022038113325834274,0.08770782500505447,0.0,0.0,0.0006856999825686216,0.0007723138672825512,,,
686,True,,,,,0.0,,,,,,0.00271490472368896,0.0496152900159359,5.9452009736560285e-05,0.025589555501937866,0.017006268724799156,0.08771270513534546,0.0,0.0,0.0006618339684791863,0.0007716924918934762,,,
687,True,,,,,0.0,,,,,,0.0049872188828885555,0.08020016551017761,2.7687614419846795e-05,0.04425853490829468,0.030360281467437744,0.0877174511551857,0.0,0.0,0.0008336222963407636,0.0007710705578296417,,,
688,True,,,,,0.0,,,,,,0.0053296079859137535,0.058641016483306885,4.0362636354984716e-05,0.0424044132232666,0.03031330183148384,0.087722048163414,0.0,0.0,0.0008064936846494675,0.0007704480666583486,,,
689,True,,,,,0.0,,,,,,0.0027997044380754232,0.042001500725746155,3.768438546103425e-05,0.026015043258666992,0.018119078129529953,0.08772695809602737,0.0,0.0,0.0007571568130515516,0.0007698250199483018,,,
690,True,,,,,0.0,,,,,,0.011614268645644188,0.07841789722442627,8.280540350824594e-05,0.11156093329191208,0.09118615835905075,0.08773157745599747,0.0,0.0,0.0013424849603325129,0.0007692014192696062,,,
691,True,,,,,0.0,,,,,,0.004549078643321991,0.06923198699951172,3.8324968045344576e-05,0.04130852594971657,0.02893972024321556,0.08773650974035263,0.0,0.0,0.0007616631337441504,0.0007685772661937628,,,
692,True,,,,,0.0,,,,,,0.002163100987672806,0.03783581033349037,7.368983642663807e-05,0.021295374259352684,0.014434427954256535,0.08774203062057495,0.0,0.0,0.0005308463587425649,0.0007679525622936646,,,
693,True,,,,,0.0,,,,,,0.0036975182592868805,0.05197595804929733,4.136790084885433e-05,0.03363785520195961,0.023844582960009575,0.0877474993467331,0.0,0.0,0.0007690435741096735,0.0007673273091435926,,,
694,True,,,,,0.0,,,,,,0.0024766558781266212,0.038475409150123596,6.331515032798052e-05,0.02254653163254261,0.015313147567212582,0.08775294572114944,0.0,0.0,0.0006636868347413838,0.0007667015083192123,,,
695,True,,,,,0.0,,,,,,0.002808638382703066,0.04934510216116905,2.706463055801578e-05,0.02667347528040409,0.01803920790553093,0.08775871247053146,0.0,0.0,0.0006399109261110425,0.0007660751613975689,,,
696,True,,,,,0.0,,,,,,0.0030230293050408363,0.04198448732495308,3.945157368434593e-05,0.023937085643410683,0.015818241983652115,0.08776391297578812,0.0,0.0,0.0005639796145260334,0.0007654482699570838,,,
697,True,,,,,0.0,,,,,,0.0031309339683502913,0.046932194381952286,3.756805381271988e-05,0.026049045845866203,0.017328418791294098,0.08776892721652985,0.0,0.0,0.0006509798113256693,0.0007648208355775512,,,
698,True,,,,,0.0,,,,,,0.004896874539554119,0.0548899881541729,8.266048826044425e-05,0.039391376078128815,0.028086431324481964,0.08777406066656113,0.0,0.0,0.0007282373844645917,0.000764192859840133,,,
699,True,,,,,0.0,,,,,,0.004431098699569702,0.055887818336486816,3.9662856579525396e-05,0.03565282002091408,0.02473531663417816,0.08777899295091629,0.0,0.0,0.0007018398609943688,0.0007635643443273553,,,
700,True,,,,,0.0,,,,,,0.003141245571896434,0.06309475004673004,7.451657438650727e-05,0.032241545617580414,0.02187572605907917,0.08778414875268936,0.0,0.0,0.000683962251059711,0.0007629352906231048,0.00039129277736267885,0.000502315078592313,2.811871491052151e-05
701,True,,,,,0.0,,,,,,0.005092611536383629,0.06294509768486023,4.44615725427866e-05,0.04570309445261955,0.03341584652662277,0.08778966963291168,0.0,0.0,0.0008856033091433346,0.0007623057003126242,,,
702,True,,,,,0.0,,,,,,0.0019202142721042037,0.04532641917467117,6.012204539729282e-05,0.016794666647911072,0.009433789178729057,0.08779598772525787,0.0,0.0,0.00039569998625665903,0.0007616755749825087,,,
703,True,,,,,0.0,,,,,,0.004366246983408928,0.055675022304058075,2.823765498760622e-05,0.038307156413793564,0.02748126909136772,0.08780191838741302,0.0,0.0,0.0007186686852946877,0.0007610449162207018,,,
704,True,,,,,0.0,,,,,,0.004116063006222248,0.05700527876615524,4.021751010441221e-05,0.0344388373196125,0.023724056780338287,0.08780790865421295,0.0,0.0,0.0006860179710201919,0.0007604137256164907,,,
705,True,,,,,0.0,,,,,,0.004237161483615637,0.050088007003068924,3.663523239083588e-05,0.03656934201717377,0.026426920667290688,0.08781390637159348,0.0,0.0,0.0007797659491188824,0.0007597820047605035,,,
706,True,,,,,0.0,,,,,,0.001802709884941578,0.036143653094768524,7.701656431891024e-05,0.016662266105413437,0.010328482836484909,0.08782007545232773,0.0,0.0,0.00045907017192803323,0.0007591497552447043,,,
707,True,,,,,0.0,,,,,,0.004429159685969353,0.048936471343040466,3.926316276192665e-05,0.031489305198192596,0.021268606185913086,0.08782591670751572,0.0,0.0,0.0008793683955445886,0.0007585169786623897,,,
708,True,,,,,0.0,,,,,,0.0028302145656198263,0.04344004765152931,7.14758934918791e-05,0.024692503735423088,0.016604222357273102,0.08783244341611862,0.0,0.0,0.0006940926541574299,0.0007578836766081839,,,
709,True,,,,,0.0,,,,,,0.004723721649497747,0.07727347314357758,4.2941181163769215e-05,0.04249325394630432,0.029142329469323158,0.08783847838640213,0.0,0.0,0.0006574479048140347,0.0007572498506780361,,,
710,True,,,,,0.0,,,,,,0.007631068583577871,0.07416334748268127,5.8504250773694366e-05,0.05978276580572128,0.04382766783237457,0.0878441110253334,0.0,0.0,0.0009709738660603762,0.0007566155024692151,,,
711,True,,,,,0.0,,,,,,0.0031628874130547047,0.04195130616426468,2.691333065740764e-05,0.025012053549289703,0.016762081533670425,0.08784976601600647,0.0,0.0,0.000786437769420445,0.0007559806335803063,,,
712,True,,,,,0.0,,,,,,0.0038405328523367643,0.05437993258237839,3.877965718857013e-05,0.03367291018366814,0.023496441543102264,0.08785521984100342,0.0,0.0,0.0006923876935616136,0.0007553452456112068,,,
713,True,,,,,0.0,,,,,,0.0062849572859704494,0.0614706352353096,3.6541321605909616e-05,0.05322522670030594,0.03989633172750473,0.0878603532910347,0.0,0.0,0.001141826855018735,0.0007547093401631221,,,
714,True,,,,,0.0,,,,,,0.002846295712515712,0.042372431606054306,7.794286648277193e-05,0.024504171684384346,0.016503000631928444,0.08786598592996597,0.0,0.0,0.0006090708775445819,0.0007540729188385619,,,
715,True,,,,,0.0,,,,,,0.004118177108466625,0.05365186929702759,3.9234160794876516e-05,0.03342753276228905,0.02304583415389061,0.08787181973457336,0.0,0.0,0.0008496107184328139,0.0007534359832413352,,,
716,True,,,,,0.0,,,,,,0.003316811053082347,0.0414276123046875,7.339107105508447e-05,0.027738705277442932,0.019363660365343094,0.0878777727484703,0.0,0.0,0.0006512071704491973,0.0007527985349765481,,,
717,True,,,,,0.0,,,,,,0.0017506247386336327,0.04448572173714638,4.3713625927921385e-05,0.01697397418320179,0.00987408310174942,0.08788365870714188,0.0,0.0,0.0005214850534684956,0.0007521605756505977,,,
718,True,,,,,0.0,,,,,,0.0018332635518163443,0.0450667068362236,5.8695266488939524e-05,0.019092649221420288,0.011844472959637642,0.08788923919200897,0.0,0.0,0.0005167729686945677,0.0007515221068711696,,,
719,True,,,,,0.0,,,,,,0.0018966490169987082,0.03985857963562012,2.7705440516001545e-05,0.018450479954481125,0.011675170622766018,0.08789481967687607,0.0,0.0,0.000543753441888839,0.0007508831302472326,,,
720,True,,,,,0.0,,,,,,0.003644299227744341,0.05665955692529678,3.942242619814351e-05,0.030859293416142464,0.02065032348036766,0.08790021389722824,0.0,0.0,0.0006645254325121641,0.0007502436473890363,,,
721,True,,,,,0.0,,,,,,0.003025057725608349,0.04878760501742363,3.663523239083588e-05,0.024332519620656967,0.015531321987509727,0.08790624141693115,0.0,0.0,0.0005901384283788502,0.0007496036599081049,,,
722,True,,,,,0.0,,,,,,0.004661483224481344,0.06740036606788635,7.701656431891024e-05,0.04243222996592522,0.030113082379102707,0.08791183680295944,0.0,0.0,0.0007623585406690836,0.0007489631694172351,,,
723,True,,,,,0.0,,,,,,0.0038632748182862997,0.06160024553537369,3.926316276192665e-05,0.03800367936491966,0.027081575244665146,0.08791737258434296,0.0,0.0,0.0006976301083341241,0.0007483221775304906,,,
724,True,,,,,0.0,,,,,,0.002224535448476672,0.03949221223592758,7.225669105537236e-05,0.019072430208325386,0.011983321979641914,0.08792231231927872,0.0,0.0,0.0007367646903730929,0.0007476806858631994,,,
725,True,,,,,0.0,,,,,,0.004583412315696478,0.05613609403371811,4.32271153840702e-05,0.04024414345622063,0.029146241024136543,0.08792684227228165,0.0,0.0,0.0007959116483107209,0.0007470386960319481,,,
726,True,,,,,0.0,,,,,,0.0020668632350862026,0.043330125510692596,5.8462082961341366e-05,0.019434187561273575,0.012125765904784203,0.08793146163225174,0.0,0.0,0.00046816642861813307,0.0007463962096545793,,,
727,True,,,,,0.0,,,,,,0.004218121990561485,0.05633879080414772,2.7333753678249195e-05,0.03352224826812744,0.022777222096920013,0.08793579041957855,0.0,0.0,0.0007523510721512139,0.0007457532283501867,,,
728,True,,,,,0.0,,,,,,0.0030636051669716835,0.05113416537642479,3.8987334846751764e-05,0.029305879026651382,0.02022995613515377,0.08794065564870834,0.0,0.0,0.0006425371393561363,0.000745109753739111,,,
729,True,,,,,0.0,,,,,,0.00206401152536273,0.04533171281218529,3.6971519875805825e-05,0.02047426626086235,0.012979144230484962,0.08794533461332321,0.0,0.0,0.0005756200407631695,0.0007444657874429368,,,
730,True,,,,,0.0,,,,,,0.006678990088403225,0.05897021293640137,7.966404518811032e-05,0.05738634243607521,0.043890997767448425,0.0879499539732933,0.0,0.0,0.0012818779796361923,0.0007438213310844871,,,
731,True,,,,,0.0,,,,,,0.0022687148302793503,0.04786905646324158,3.848150299745612e-05,0.01969614252448082,0.011741722002625465,0.08795595914125443,0.0,0.0,0.0005307633546181023,0.0007431763862878197,,,
732,True,,,,,0.0,,,,,,0.003249044995754957,0.053656160831451416,7.031833956716582e-05,0.02980799414217472,0.020278558135032654,0.08796154707670212,0.0,0.0,0.0006602028151974082,0.0007425309546782242,,,
733,True,,,,,0.0,,,,,,0.0027893378864973783,0.04805876687169075,4.168215673416853e-05,0.02482922002673149,0.01633349433541298,0.0879669040441513,0.0,0.0,0.000644748448394239,0.0007418850378822162,,,
734,True,,,,,0.0,,,,,,0.0031763489823788404,0.055213563144207,5.992493242956698e-05,0.03136715292930603,0.02175976149737835,0.08797228336334229,0.0,0.0,0.0007077663321979344,0.0007412386375275341,,,
735,True,,,,,0.0,,,,,,0.0024938397109508514,0.038874514400959015,2.7076566766481847e-05,0.022664759308099747,0.015390153974294662,0.08797750622034073,0.0,0.0,0.000626971130259335,0.0007405917552431351,,,
736,True,,,,,0.0,,,,,,0.004559679888188839,0.07084354758262634,3.92039873986505e-05,0.03771914541721344,0.025175686925649643,0.08798222988843918,0.0,0.0,0.0006261940579861403,0.000739944392659191,,,
737,True,,,,,0.0,,,,,,0.0015934053808450699,0.03875447437167168,3.691997699206695e-05,0.017322251573204994,0.010955069214105606,0.08798690140247345,0.0,0.0,0.0004785995406564325,0.0007392965514070835,,,
738,True,,,,,0.0,,,,,,0.0021767341531813145,0.04738502949476242,7.992326573003083e-05,0.020666958764195442,0.012831847183406353,0.0879911258816719,0.0,0.0,0.0006253869505599141,0.0007386482331194011,,,
739,True,,,,,0.0,,,,,,0.003044344484806061,0.04212072491645813,3.9797680074116215e-05,0.02896920219063759,0.020812934264540672,0.08799534291028976,0.0,0.0,0.0008842715178616345,0.000737999439429934,,,
740,True,,,,,0.0,,,,,,0.0031737617682665586,0.042972762137651443,7.189907773863524e-05,0.029979189857840538,0.02159219980239868,0.0880003497004509,0.0,0.0,0.0007876033778302372,0.0007373501719736707,,,
741,True,,,,,0.0,,,,,,0.003817874938249588,0.07303054630756378,4.3201795051572844e-05,0.034726668149232864,0.022704077884554863,0.08800571411848068,0.0,0.0,0.0007677982212044299,0.0007367004323867935,,,
742,True,,,,,0.0,,,,,,0.0038315984420478344,0.054634761065244675,5.847138163517229e-05,0.03415446728467941,0.023950040340423584,0.08801137655973434,0.0,0.0,0.0007579614757560194,0.0007360502223066745,,,
743,True,,,,,0.0,,,,,,0.0028035412542521954,0.04512663185596466,2.771648723864928e-05,0.02654820680618286,0.018337972462177277,0.08801697939634323,0.0,0.0,0.0005226052599027753,0.0007353995433718714,,,
744,True,,,,,0.0,,,,,,0.004250125028192997,0.050211213529109955,3.896839916706085e-05,0.03386756032705307,0.02369660511612892,0.08802247047424316,0.0,0.0,0.0008456694195047021,0.0007347483972221239,,,
745,True,,,,,0.0,,,,,,0.00475525576621294,0.07552678883075714,3.723402551258914e-05,0.04093998298048973,0.027733152732253075,0.08802804350852966,0.0,0.0,0.0008536881068721414,0.0007340967854983485,,,
746,True,,,,,0.0,,,,,,0.002644836436957121,0.03976062685251236,7.63863354222849e-05,0.02439633011817932,0.016856897622346878,0.08803395926952362,0.0,0.0,0.0007308854255825281,0.0007334447098426353,,,
747,True,,,,,0.0,,,,,,0.003424986731261015,0.047362878918647766,3.7462246837094426e-05,0.028665371239185333,0.019604969769716263,0.08803954720497131,0.0,0.0,0.0006176991737447679,0.000732792171898243,,,
748,True,,,,,0.0,,,,,,0.008021602407097816,0.05966059863567352,7.111601735232398e-05,0.06375530362129211,0.04885163530707359,0.08804498612880707,0.0,0.0,0.0008831819286569953,0.0007321391733095962,,,
749,True,,,,,0.0,,,,,,0.0036875721998512745,0.057507049292325974,4.024149529868737e-05,0.03159076347947121,0.021251855418086052,0.08805100619792938,0.0,0.0,0.0006242020754143596,0.0007314857157222798,,,
750,True,,,,,0.0,,,,,,0.004980140831321478,0.060804303735494614,5.92152719036676e-05,0.04540885612368584,0.03343810886144638,0.08805674314498901,0.0,0.0,0.0007895531598478556,0.0007308318007830352,,,
751,True,,,,,0.0,,,,,,0.004984084516763687,0.05783643200993538,2.7425048756413162e-05,0.04127641022205353,0.029614344239234924,0.08806236833333969,0.0,0.0,0.0008757635368965566,0.0007301774301397568,,,
752,True,,,,,0.0,,,,,,0.0045416890643537045,0.05906092748045921,3.8900157960597426e-05,0.038090430200099945,0.026742517948150635,0.08806823939085007,0.0,0.0,0.0007432528655044734,0.0007295226054414872,,,
753,True,,,,,0.0,,,,,,0.002939509926363826,0.056015439331531525,3.599489718908444e-05,0.028604133054614067,0.01916433870792389,0.08807428181171417,0.0,0.0,0.0007472183788195252,0.0007288673283384131,,,
754,True,,,,,0.0,,,,,,0.0029727581422775984,0.05594320595264435,8.067640010267496e-05,0.02558901347219944,0.016100795939564705,0.08808009326457977,0.0,0.0,0.0006340981926769018,0.0007282116004818615,,,
755,True,,,,,0.0,,,,,,0.003322427161037922,0.050666987895965576,3.875650145346299e-05,0.029568344354629517,0.020278986543416977,0.08808524906635284,0.0,0.0,0.0007349218940362334,0.000727555423524295,,,
756,True,,,,,0.0,,,,,,0.003303220495581627,0.040570516139268875,7.28194136172533e-05,0.02620217390358448,0.017924588173627853,0.08809036761522293,0.0,0.0,0.0007962828385643661,0.0007268987991193086,,,
757,True,,,,,0.0,,,,,,0.0029172056820243597,0.05182882770895958,4.155190981691703e-05,0.026231909170746803,0.017230093479156494,0.08809508383274078,0.0,0.0,0.0007206937880255282,0.0007262417289216243,,,
758,True,,,,,0.0,,,,,,0.003483908250927925,0.04974183440208435,6.364809814840555e-05,0.031767766922712326,0.022396855056285858,0.08809971064329147,0.0,0.0,0.0007702014409005642,0.0007255842145870876,,,
759,True,,,,,0.0,,,,,,0.002172696404159069,0.05079907178878784,2.8028305678162724e-05,0.022806866094470024,0.01465920265763998,0.08810456842184067,0.0,0.0,0.000639860809314996,0.0007249262577726634,,,
760,True,,,,,0.0,,,,,,0.0024874829687178135,0.05934062600135803,3.9970967918634415e-05,0.02263106405735016,0.013308439403772354,0.08810940384864807,0.0,0.0,0.0006077143480069935,0.0007242678601364315,,,
761,True,,,,,0.0,,,,,,0.0021436912938952446,0.04169448837637901,3.8256293919403106e-05,0.022355394437909126,0.015141984447836876,0.08811412751674652,0.0,0.0,0.0006007320480421185,0.0007236090233375829,,,
762,True,,,,,0.0,,,,,,0.008309254422783852,0.07937494665384293,8.143331797327846e-05,0.07131299376487732,0.05414433777332306,0.08811863511800766,0.0,0.0,0.0010296590626239777,0.0007229497490364149,,,
763,True,,,,,0.0,,,,,,0.003287479979917407,0.06610231101512909,3.9444501453544945e-05,0.03024008683860302,0.019441423937678337,0.08812311291694641,0.0,0.0,0.0006688829162158072,0.0007222900388943276,,,
764,True,,,,,0.0,,,,,,0.0011461658868938684,0.03198864310979843,7.401520269922912e-05,0.012700535356998444,0.007437222171574831,0.088127501308918,0.0,0.0,0.0004879552870988846,0.0007216298945738195,,,
765,True,,,,,0.0,,,,,,0.0017756916349753737,0.035895295441150665,4.3282627302687615e-05,0.016054503619670868,0.00978631991893053,0.08813218027353287,0.0,0.0,0.0005432266043499112,0.000720969317738483,,,
766,True,,,,,0.0,,,,,,0.0025948863476514816,0.04724560305476189,6.165637023514137e-05,0.026195786893367767,0.01796414703130722,0.0881364718079567,0.0,0.0,0.0007350325467996299,0.0007203083100530003,,,
767,True,,,,,0.0,,,,,,0.004017218481749296,0.04246870055794716,2.899791070376523e-05,0.03396417945623398,0.02480418235063553,0.08814101666212082,0.0,0.0,0.0006470522494055331,0.0007196468731831402,,,
768,True,,,,,0.0,,,,,,0.0026339180767536163,0.05787251144647598,4.1267601773142815e-05,0.024909401312470436,0.015586142428219318,0.0881456732749939,0.0,0.0,0.0006699672085233033,0.000718985008795752,,,
769,True,,,,,0.0,,,,,,0.002020891522988677,0.03754881024360657,3.9091682992875576e-05,0.018370985984802246,0.011694165877997875,0.08815018087625504,0.0,0.0,0.0006118884775787592,0.0007183227185587629,,,
770,True,,,,,0.0,,,,,,0.0029602288268506527,0.043224286288022995,8.116079698083922e-05,0.02698730118572712,0.018782515078783035,0.08815469592809677,0.0,0.0,0.0006155321025289595,0.0007176600041411736,,,
771,True,,,,,0.0,,,,,,0.0035070148296654224,0.03878643363714218,3.872446541208774e-05,0.030709218233823776,0.022422607988119125,0.0881589725613594,0.0,0.0,0.0008954317891038954,0.000716996867213053,,,
772,True,,,,,0.0,,,,,,0.006148934364318848,0.07980230450630188,7.421604823321104e-05,0.05130333453416824,0.036255430430173874,0.08816307783126831,0.0,0.0,0.0009243153035640717,0.0007163333094455352,,,
773,True,,,,,0.0,,,,,,0.0022081066854298115,0.04456978291273117,4.215287844999693e-05,0.021636005491018295,0.01406816765666008,0.08816765993833542,0.0,0.0,0.0006679308717139065,0.0007156693325108149,,,
774,True,,,,,0.0,,,,,,0.004906217567622662,0.06183875352144241,6.137571472208947e-05,0.04761125519871712,0.035608746111392975,0.08817269653081894,0.0,0.0,0.0009243650711141527,0.0007150049380821428,,,
775,True,,,,,0.0,,,,,,0.0026510837487876415,0.04144016653299332,2.7785970814875327e-05,0.025037702172994614,0.017346924170851707,0.08817833662033081,0.0,0.0,0.0006355124642141163,0.0007143401278338218,,,
776,True,,,,,0.0,,,,,,0.0009933472611010075,0.030945394188165665,3.934771302738227e-05,0.010612865909934044,0.005623468663543463,0.08818366378545761,0.0,0.0,0.0004417759773787111,0.000713674903441203,,,
777,True,,,,,0.0,,,,,,0.004014103673398495,0.0682750716805458,3.586273669498041e-05,0.04162349924445152,0.029882073402404785,0.0881882980465889,0.0,0.0,0.0008619319996796548,0.0007130092665806806,,,
778,True,,,,,0.0,,,,,,0.0021712039597332478,0.03960895538330078,7.993515464477241e-05,0.020717119798064232,0.013663121499121189,0.0881931334733963,0.0,0.0,0.0006153742433525622,0.000712343218929689,,,
779,True,,,,,0.0,,,,,,0.004911172203719616,0.05322074890136719,3.918600486940704e-05,0.041943080723285675,0.030808253213763237,0.08819830417633057,0.0,0.0,0.0008019825327210128,0.000711676762166697,,,
780,True,,,,,0.0,,,,,,0.002326002111658454,0.03857346996665001,7.23393022781238e-05,0.020652111619710922,0.013550559058785439,0.08820338547229767,0.0,0.0,0.0005785169778391719,0.0007110098979712048,,,
781,True,,,,,0.0,,,,,,0.003031916916370392,0.0528833270072937,4.274060484021902e-05,0.02948710508644581,0.02026340365409851,0.08820820599794388,0.0,0.0,0.0006709433509968221,0.0007103426280237395,,,
782,True,,,,,0.0,,,,,,0.0027936622500419617,0.050423283129930496,6.090735405450687e-05,0.02383822202682495,0.015089653432369232,0.0882125124335289,0.0,0.0,0.0007976674241945148,0.0007096749540058501,,,
783,True,,,,,0.0,,,,,,0.0033577275462448597,0.05121597647666931,2.8137466870248318e-05,0.027212122455239296,0.017836565151810646,0.08821628242731094,0.0,0.0,0.0007379409507848322,0.0007090068776001047,,,
784,True,,,,,0.0,,,,,,0.004008620046079159,0.04441647231578827,3.9925223973114043e-05,0.03608838841319084,0.026735957711935043,0.08822020888328552,0.0,0.0,0.0008473931811749935,0.0007083384004900847,,,
785,True,,,,,0.0,,,,,,0.004070711322128773,0.054171524941921234,3.7871344829909503e-05,0.03536118194460869,0.024972138926386833,0.08822425454854965,0.0,0.0,0.0006867492920719087,0.0007076695243603819,,,
786,True,,,,,0.0,,,,,,0.004335916601121426,0.07128819823265076,8.020873065106571e-05,0.03745122253894806,0.025064095854759216,0.0882287472486496,0.0,0.0,0.0006129869143478572,0.000707000250896593,,,
787,True,,,,,0.0,,,,,,0.004382183775305748,0.05387803167104721,3.968678356613964e-05,0.035893071442842484,0.02522091008722782,0.08823324739933014,0.0,0.0,0.0008818735368549824,0.0007063305817853168,,,
788,True,,,,,0.0,,,,,,0.006271999329328537,0.058478083461523056,7.771847594995052e-05,0.052178721874952316,0.039137668907642365,0.08823876082897186,0.0,0.0,0.0009619842167012393,0.0007056605187141482,,,
789,True,,,,,0.0,,,,,,0.002435688627883792,0.046328939497470856,4.136451752856374e-05,0.021711187437176704,0.013739473186433315,0.08824484795331955,0.0,0.0,0.0004998965887352824,0.0007049900633716756,,,
790,True,,,,,0.0,,,,,,0.004904196597635746,0.06874487549066544,6.809811748098582e-05,0.0408698171377182,0.02817457541823387,0.08825059235095978,0.0,0.0,0.0007968787103891373,0.0007043192174474761,,,
791,True,,,,,0.0,,,,,,0.0014874290209263563,0.025652354583144188,2.978755219373852e-05,0.012989232316613197,0.008039113134145737,0.08825601637363434,0.0,0.0,0.0005382103263400495,0.0007036479826321101,,,
792,True,,,,,0.0,,,,,,0.00233028968796134,0.04282652959227562,3.965453288401477e-05,0.023066218942403793,0.015550840646028519,0.0882609635591507,0.0,0.0,0.0006292634061537683,0.000702976360617119,,,
793,True,,,,,0.0,,,,,,0.005883701145648956,0.06260546296834946,3.6930454371031374e-05,0.0488365963101387,0.03579122573137283,0.0882657989859581,0.0,0.0,0.0008275983855128288,0.0007023043530950196,,,
794,True,,,,,0.0,,,,,,0.0032351322006434202,0.04639648646116257,8.470947796013206e-05,0.029003817588090897,0.020203975960612297,0.08827054500579834,0.0,0.0,0.0007506207912229002,0.0007016319617593002,,,
795,True,,,,,0.0,,,,,,0.006889993324875832,0.0745474249124527,3.895988265867345e-05,0.05601285398006439,0.04076588153839111,0.08827551454305649,0.0,0.0,0.0008862744434736669,0.0007009591883044161,,,
796,True,,,,,0.0,,,,,,0.0029349997639656067,0.04963299632072449,7.716847903793678e-05,0.02741638943552971,0.018596693873405457,0.08828113228082657,0.0,0.0,0.0006631248979829252,0.0007002860344257862,,,
797,True,,,,,0.0,,,,,,0.0028810910880565643,0.04905666410923004,4.25957259722054e-05,0.026876676827669144,0.018185755237936974,0.08828655630350113,0.0,0.0,0.0006875061662867665,0.0006996125018197872,,,
798,True,,,,,0.0,,,,,,0.003160446882247925,0.05245894938707352,6.289767770795152e-05,0.030862148851156235,0.021541442722082138,0.08829168975353241,0.0,0.0,0.0007743342430330813,0.000698938592183751,,,
799,True,,,,,0.0,,,,,,0.0034019590821117163,0.05835207551717758,2.84705420199316e-05,0.029152171686291695,0.01901780441403389,0.08829670399427414,0.0,0.0,0.0006509087979793549,0.0006982643072159591,,,
800,True,,,,,0.0,,,,,,0.006003327667713165,0.053326062858104706,3.87294712709263e-05,0.044459953904151917,0.032221633940935135,0.08830190449953079,0.0,0.0,0.0009735764469951391,0.0006975896486156395,0.0004063510986402537,0.0008049198745189263,1.3144210464948312e-05
801,True,,,,,0.0,,,,,,0.005497335456311703,0.06485147029161453,3.722933979588561e-05,0.049235403537750244,0.03635122627019882,0.08830782771110535,0.0,0.0,0.000769091013353318,0.0006969146180829607,,,
802,True,,,,,0.0,,,,,,0.002859113272279501,0.05484351888298988,8.556816464988515e-05,0.024539712816476822,0.01527032908052206,0.08831344544887543,0.0,0.0,0.0007066872785799205,0.0006962392173190294,,,
803,True,,,,,0.0,,,,,,0.0031214654445648193,0.05750781297683716,3.8689482607878745e-05,0.028831370174884796,0.019056592136621475,0.08831889927387238,0.0,0.0,0.0007476582541130483,0.000695563448025885,,,
804,True,,,,,0.0,,,,,,0.0026159421540796757,0.039432793855667114,7.695589010836557e-05,0.023981677368283272,0.01650073751807213,0.08832407742738724,0.0,0.0,0.0008045987924560905,0.0006948873119064959,,,
805,True,,,,,0.0,,,,,,0.003280783072113991,0.05027734488248825,4.476133472053334e-05,0.03026636317372322,0.02105216681957245,0.0883297547698021,0.0,0.0,0.0006854810053482652,0.0006942108106647542,,,
806,True,,,,,0.0,,,,,,0.0024113322142511606,0.04412620887160301,6.966674118302763e-05,0.022069931030273438,0.014327791519463062,0.08833527565002441,0.0,0.0,0.0005471747135743499,0.0006935339460054728,,,
807,True,,,,,0.0,,,,,,0.0029151018243283033,0.0487058088183403,2.7183805286767893e-05,0.02549518644809723,0.016812507063150406,0.08834043145179749,0.0,0.0,0.0005668707308359444,0.0006928567196343802,,,
808,True,,,,,0.0,,,,,,0.0019616575445979834,0.046479422599077225,3.836116229649633e-05,0.019200660288333893,0.01168842799961567,0.08834531903266907,0.0,0.0,0.0005100792041048408,0.0006921791332581165,,,
809,True,,,,,0.0,,,,,,0.003653565887361765,0.06080549582839012,3.511222166707739e-05,0.031250059604644775,0.02061489038169384,0.088349848985672,0.0,0.0,0.0007709468482062221,0.0006915011885842287,,,
810,True,,,,,0.0,,,,,,0.0034588989801704884,0.053882576525211334,7.856670708861202e-05,0.032725755125284195,0.022955771535634995,0.08835458755493164,0.0,0.0,0.0008006428251974285,0.0006908228873211671,,,
811,True,,,,,0.0,,,,,,0.004504027776420116,0.05966794490814209,3.7531033740378916e-05,0.037180691957473755,0.025807511061429977,0.08835946023464203,0.0,0.0,0.0007479560445062816,0.0006901442311782806,,,
812,True,,,,,0.0,,,,,,0.0057383328676223755,0.0644320473074913,7.407178054563701e-05,0.04606339707970619,0.03296118229627609,0.08836431801319122,0.0,0.0,0.0009578165481798351,0.0006894652218658122,,,
813,True,,,,,0.0,,,,,,0.0012578503228724003,0.03460568189620972,4.284452006686479e-05,0.013400569558143616,0.007777031976729631,0.0883696973323822,0.0,0.0,0.0004490767896641046,0.0006887858610948951,,,
814,True,,,,,0.0,,,,,,0.0030927208717912436,0.048928841948509216,5.982584480079822e-05,0.027222570031881332,0.018323302268981934,0.08837500214576721,0.0,0.0,0.0006302036345005035,0.000688106150577548,,,
815,True,,,,,0.0,,,,,,0.0025311242789030075,0.04418719932436943,2.856374703696929e-05,0.024221450090408325,0.016373518854379654,0.08838047087192535,0.0,0.0,0.0006603726651519537,0.0006874260920266712,,,
816,True,,,,,0.0,,,,,,0.0029699455481022596,0.05281168594956398,3.944325726479292e-05,0.027638481929898262,0.018483784049749374,0.0883861631155014,0.0,0.0,0.0006654895842075348,0.0006867456871560418,,,
817,True,,,,,0.0,,,,,,0.0025096191093325615,0.04595597833395004,3.753190685529262e-05,0.02080305851995945,0.0127951605245471,0.08839137852191925,0.0,0.0,0.0005660624010488391,0.0006860649376803098,,,
818,True,,,,,0.0,,,,,,0.004998710006475449,0.050406306982040405,7.959891809150577e-05,0.04125072807073593,0.030287625268101692,0.08839638531208038,0.0,0.0,0.0009431783691979945,0.0006853838453149941,,,
819,True,,,,,0.0,,,,,,0.0017423162935301661,0.03795316815376282,4.13325906265527e-05,0.016665572300553322,0.010223252698779106,0.08840198814868927,0.0,0.0,0.0008524319855496287,0.0006847024117764763,,,
820,True,,,,,0.0,,,,,,0.0032404311932623386,0.051567405462265015,7.23597186151892e-05,0.027481684461236,0.018164262175559998,0.08840706944465637,0.0,0.0,0.0006394434603862464,0.0006840206387819993,,,
821,True,,,,,0.0,,,,,,0.004561139270663261,0.04930777847766876,4.243940202286467e-05,0.04032216966152191,0.029924917966127396,0.08841156959533691,0.0,0.0,0.0008506661979481578,0.0006833385280496608,,,
822,True,,,,,0.0,,,,,,0.002982471603900194,0.05321160703897476,5.989352212054655e-05,0.02695038728415966,0.017732657492160797,0.08841504156589508,0.0,0.0,0.0007343457546085119,0.0006826560812984094,,,
823,True,,,,,0.0,,,,,,0.003136635525152087,0.05535847321152687,2.807319469866343e-05,0.030002309009432793,0.020431598648428917,0.0884191021323204,0.0,0.0,0.0006505228811874986,0.0006819733002480407,,,
824,True,,,,,0.0,,,,,,0.003092107130214572,0.05058395862579346,3.8509388105012476e-05,0.029635349288582802,0.020581364631652832,0.08842261135578156,0.0,0.0,0.0006173848523758352,0.000681290186619193,,,
825,True,,,,,0.0,,,,,,0.0037437095306813717,0.0625164657831192,3.5432134609436616e-05,0.03412845358252525,0.02323111891746521,0.08842622488737106,0.0,0.0,0.0007503475062549114,0.0006806067421333422,,,
826,True,,,,,0.0,,,,,,0.005402330309152603,0.05325537919998169,7.86612945375964e-05,0.04340311512351036,0.031751617789268494,0.08842983096837997,0.0,0.0,0.0008929242030717432,0.0006799229685127984,,,
827,True,,,,,0.0,,,,,,0.00398681778460741,0.06656147539615631,3.884039324475452e-05,0.03632250055670738,0.024775777012109756,0.08843374252319336,0.0,0.0,0.0006827260949648917,0.0006792388674807011,,,
828,True,,,,,0.0,,,,,,0.0032046157866716385,0.06044652685523033,7.313652895390987e-05,0.029743734747171402,0.019573524594306946,0.0884372740983963,0.0,0.0,0.000709564599674195,0.0006785544407610145,,,
829,True,,,,,0.0,,,,,,0.004342279396951199,0.06520305573940277,4.2975581891369075e-05,0.0433359369635582,0.03156745061278343,0.08844131976366043,0.0,0.0,0.0007816216093488038,0.000677869690078524,,,
830,True,,,,,0.0,,,,,,0.001535314368084073,0.04036314785480499,5.893607158213854e-05,0.015558070503175259,0.009072517044842243,0.08844561874866486,0.0,0.0,0.00044105001143179834,0.0006771846171588311,,,
831,True,,,,,0.0,,,,,,0.0030663288198411465,0.045831575989723206,2.8418833608157e-05,0.027829814702272415,0.019281622022390366,0.08844979107379913,0.0,0.0,0.0006529347156174481,0.0006764992237283497,,,
832,True,,,,,0.0,,,,,,0.0019867890514433384,0.04390124976634979,3.8689056964358315e-05,0.019853459671139717,0.012572656385600567,0.08845435827970505,0.0,0.0,0.0006041714223101735,0.0006758135115143008,,,
833,True,,,,,0.0,,,,,,0.002162783872336149,0.045716673135757446,3.693212056532502e-05,0.021564295515418053,0.013926791027188301,0.08845876902341843,0.0,0.0,0.0006189427804201841,0.0006751274822447095,,,
834,True,,,,,0.0,,,,,,0.0015409201150760055,0.039545126259326935,7.959644426591694e-05,0.015545452013611794,0.00912558939307928,0.08846316486597061,0.0,0.0,0.0005826621199958026,0.0006744411376483993,,,
835,True,,,,,0.0,,,,,,0.0031595565378665924,0.0433160737156868,4.155671194894239e-05,0.026265928521752357,0.017869308590888977,0.08846773952245712,0.0,0.0,0.0007223710999824107,0.0006737544794549887,,,
836,True,,,,,0.0,,,,,,0.00246134540066123,0.05055955424904823,7.494004967156798e-05,0.02443382702767849,0.01599433273077011,0.08847228437662125,0.0,0.0,0.0006074346601963043,0.0006730675093948859,,,
837,True,,,,,0.0,,,,,,0.005864689126610756,0.059351421892642975,4.3589672714006156e-05,0.04575278237462044,0.03304638713598251,0.08847668766975403,0.0,0.0,0.001163038075901568,0.0006723802291992859,,,
838,True,,,,,0.0,,,,,,0.007212447933852673,0.06947824358940125,7.191211625467986e-05,0.056851889938116074,0.041770849376916885,0.08848109096288681,0.0,0.0,0.0009528257069177926,0.0006716926406001649,,,
839,True,,,,,0.0,,,,,,0.0038380902260541916,0.04757782071828842,3.0937411793274805e-05,0.033592917025089264,0.024096719920635223,0.08848561346530914,0.0,0.0,0.000809517630841583,0.0006710047453302759,,,
840,True,,,,,0.0,,,,,,0.0027406755834817886,0.036846406757831573,3.977103187935427e-05,0.025340188294649124,0.018010079860687256,0.08849051594734192,0.0,0.0,0.0006614785525016487,0.000670316545123145,,,
841,True,,,,,0.0,,,,,,0.0022169456351548433,0.04705389589071274,3.6975496186641976e-05,0.021948907524347305,0.014123132452368736,0.08849523216485977,0.0,0.0,0.0006710929446853697,0.0006696280417130669,,,
842,True,,,,,0.0,,,,,,0.007701392285525799,0.06586845219135284,8.545260061509907e-05,0.05981588736176491,0.044599927961826324,0.08849957585334778,0.0,0.0,0.0012821948621422052,0.0006689392368351002,,,
843,True,,,,,0.0,,,,,,0.0031079682521522045,0.049080949276685715,4.049163544550538e-05,0.026956947520375252,0.018035585060715675,0.08850523829460144,0.0,0.0,0.0005830117734149098,0.0006682501322250633,,,
844,True,,,,,0.0,,,,,,0.004824917297810316,0.05947470664978027,7.61599512770772e-05,0.0463334396481514,0.03463786467909813,0.08851069957017899,0.0,0.0,0.000992696383036673,0.0006675607296195297,,,
845,True,,,,,0.0,,,,,,0.0017406211700290442,0.0374884307384491,4.47542333859019e-05,0.019481059163808823,0.013084055855870247,0.0885162502527237,0.0,0.0,0.0007517369231209159,0.0006668710307558245,,,
846,True,,,,,0.0,,,,,,0.0045497482642531395,0.07290272414684296,5.883441190235317e-05,0.03877262771129608,0.026017971336841583,0.08852174133062363,0.0,0.0,0.0006686329143121839,0.0006661810373720186,,,
847,True,,,,,0.0,,,,,,0.0012585390359163284,0.020507724955677986,2.831626989063807e-05,0.01067163422703743,0.006462889723479748,0.0885273814201355,0.0,0.0,0.0003659988578874618,0.0006654907512069257,,,
848,True,,,,,0.0,,,,,,0.004102274309843779,0.054985202848911285,3.8648951885988936e-05,0.0348970964550972,0.024391651153564453,0.08853259682655334,0.0,0.0,0.0007050188141874969,0.0006648001740000969,,,
849,True,,,,,0.0,,,,,,0.004708457738161087,0.06268662214279175,3.5966470022685826e-05,0.04005306586623192,0.028172582387924194,0.08853781223297119,0.0,0.0,0.0007275567622855306,0.0006641093074918169,,,
850,True,,,,,0.0,,,,,,0.0026215421967208385,0.04884984344244003,7.813693082425743e-05,0.023534031584858894,0.015103005804121494,0.08854300528764725,0.0,0.0,0.0006940498715266585,0.0006634181534230995,,,
851,True,,,,,0.0,,,,,,0.0018872676882892847,0.05492914468050003,3.9885169826447964e-05,0.019988518208265305,0.011702907271683216,0.08854866027832031,0.0,0.0,0.0006431236397475004,0.0006627267135356831,,,
852,True,,,,,0.0,,,,,,0.0024956848938018084,0.03810318931937218,7.069826096994802e-05,0.02111092023551464,0.013884025625884533,0.0885540097951889,0.0,0.0,0.0006607534014619887,0.0006620349895720265,,,
853,True,,,,,0.0,,,,,,0.005620158277451992,0.05925872549414635,4.282848021830432e-05,0.04447131231427193,0.0320182740688324,0.08855932950973511,0.0,0.0,0.0012125030625611544,0.0006613429832753044,,,
854,True,,,,,0.0,,,,,,0.004956413526087999,0.0728803277015686,6.744991696905345e-05,0.043697718530893326,0.030533894896507263,0.08856552094221115,0.0,0.0,0.0007442214991897345,0.0006606506963894027,,,
855,True,,,,,0.0,,,,,,0.003989816643297672,0.05502127483487129,2.9319699024199508e-05,0.03395819664001465,0.023565879091620445,0.0885714739561081,0.0,0.0,0.0007991143502295017,0.0006599581306589146,,,
856,True,,,,,0.0,,,,,,0.00520858820527792,0.06807596981525421,4.0149981941794977e-05,0.04224700480699539,0.02932496927678585,0.0885777398943901,0.0,0.0,0.0008760761120356619,0.000659265287829136,,,
857,True,,,,,0.0,,,,,,0.002531689126044512,0.04873228818178177,3.7578894989565015e-05,0.02331204153597355,0.015002497471868992,0.08858371526002884,0.0,0.0,0.0005263004568405449,0.0006585721696460609,,,
858,True,,,,,0.0,,,,,,0.002916784957051277,0.04968522489070892,8.65145557327196e-05,0.03057222068309784,0.021757762879133224,0.08858923614025116,0.0,0.0,0.000676808413118124,0.0006578787778563777,,,
859,True,,,,,0.0,,,,,,0.005099520552903414,0.07095225155353546,4.167055885773152e-05,0.044986262917518616,0.03188473731279373,0.08859466761350632,0.0,0.0,0.0008269653772003949,0.0006571851142074638,,,
860,True,,,,,0.0,,,,,,0.0029178205877542496,0.04630177840590477,7.798833394190297e-05,0.025984838604927063,0.017511850222945213,0.08859968185424805,0.0,0.0,0.0007287845946848392,0.0006564911804473821,,,
861,True,,,,,0.0,,,,,,0.0016746161272749305,0.034556955099105835,4.2363517422927544e-05,0.016180668026208878,0.010143127292394638,0.08860466629266739,0.0,0.0,0.000536818231921643,0.0006557969783248757,,,
862,True,,,,,0.0,,,,,,0.002011850941926241,0.04393168166279793,6.060369196347892e-05,0.018886927515268326,0.011565513908863068,0.08860921859741211,0.0,0.0,0.0007149579469114542,0.0006551025095893645,,,
863,True,,,,,0.0,,,,,,0.0019514848245307803,0.05038122087717056,2.9540000468841754e-05,0.020191702991724014,0.01230118703097105,0.08861386775970459,0.0,0.0,0.0005397747154347599,0.0006544077759909397,,,
864,True,,,,,0.0,,,,,,0.0024172288831323385,0.04786389693617821,3.953612031182274e-05,0.022156354039907455,0.01404678262770176,0.08861837536096573,0.0,0.0,0.0006524343625642359,0.0006537127792803607,,,
865,True,,,,,0.0,,,,,,0.002501826034858823,0.042641282081604004,3.761535481316969e-05,0.02231213077902794,0.014641137793660164,0.08862318843603134,0.0,0.0,0.0007297705160453916,0.0006530175212090492,,,
866,True,,,,,0.0,,,,,,0.003245629370212555,0.05193796008825302,8.159634307958186e-05,0.029787009581923485,0.02042049914598465,0.08862865716218948,0.0,0.0,0.0008161142468452454,0.0006523220035290863,,,
867,True,,,,,0.0,,,,,,0.0013783592730760574,0.03422093763947487,4.0596492908662185e-05,0.013165457174181938,0.007458362728357315,0.08863433450460434,0.0,0.0,0.0007698328699916601,0.0006516262279932064,,,
868,True,,,,,0.0,,,,,,0.0014430260052904487,0.03535349294543266,7.360777090070769e-05,0.013969428837299347,0.008067850954830647,0.08863983303308487,0.0,0.0,0.0004706996842287481,0.0006509301963547949,,,
869,True,,,,,0.0,,,,,,0.001741648418828845,0.038109444081783295,4.35119254689198e-05,0.016609473153948784,0.010148672387003899,0.08864518254995346,0.0,0.0,0.0005472872871905565,0.0006502339103678813,,,
870,True,,,,,0.0,,,,,,0.0028298813849687576,0.0479908287525177,5.9053447330370545e-05,0.02645988203585148,0.017914889380335808,0.08865026384592056,0.0,0.0,0.000615856028161943,0.000649537371787137,,,
871,True,,,,,0.0,,,,,,0.00530107831582427,0.061477649956941605,2.8413007385097444e-05,0.035817958414554596,0.02346835657954216,0.08865510672330856,0.0,0.0,0.0007902659708634019,0.0006488405823678693,,,
872,True,,,,,0.0,,,,,,0.0035353354178369045,0.05061955004930496,3.8562589907087386e-05,0.0300001110881567,0.020496942102909088,0.08865983039140701,0.0,0.0,0.0007612325134687126,0.0006481435438660187,,,
873,True,,,,,0.0,,,,,,0.0015691615408286452,0.03663494437932968,3.4548524126876146e-05,0.015123819932341576,0.008987242355942726,0.08866468071937561,0.0,0.0,0.0005284497747197747,0.0006474462580381518,,,
874,True,,,,,0.0,,,,,,0.002624321496114135,0.04272866249084473,7.896884926594794e-05,0.022347042337059975,0.014523670077323914,0.08866988122463226,0.0,0.0,0.0006164464866742492,0.00064674872664146,,,
875,True,,,,,0.0,,,,,,0.0009834724478423595,0.026309479027986526,3.970330726588145e-05,0.010115102864801884,0.005594079848378897,0.08867514133453369,0.0,0.0,0.00041477824561297894,0.0006460509514337525,,,
876,True,,,,,0.0,,,,,,0.0033959816209971905,0.05005212128162384,7.116595224943012e-05,0.03130926564335823,0.02198568917810917,0.08867992460727692,0.0,0.0,0.0006963012274354696,0.0006453529341734534,,,
877,True,,,,,0.0,,,,,,0.001953893806785345,0.04031706601381302,4.2501604184508324e-05,0.01950119249522686,0.012607494369149208,0.0886845514178276,0.0,0.0,0.0005153166712261736,0.0006446546766195968,,,
878,True,,,,,0.0,,,,,,0.0033740613143891096,0.050582148134708405,5.876510840607807e-05,0.028766535222530365,0.019417986273765564,0.08868920058012009,0.0,0.0,0.0006495795678347349,0.0006439561805318218,,,
879,True,,,,,0.0,,,,,,0.0054369173012673855,0.08374901860952377,2.889929419325199e-05,0.04684172570705414,0.03212851658463478,0.08869380503892899,0.0,0.0,0.0007894517621025443,0.0006432574476703696,,,
880,True,,,,,0.0,,,,,,0.002227721270173788,0.046473197638988495,3.851208748528734e-05,0.024089157581329346,0.016307875514030457,0.08869850635528564,0.0,0.0,0.0006194087327457964,0.0006425584797960772,,,
881,True,,,,,0.0,,,,,,0.002657339908182621,0.05033335089683533,3.5144090361427516e-05,0.026405194774270058,0.0178099162876606,0.08870310336351395,0.0,0.0,0.000682240235619247,0.000641859278670374,,,
882,True,,,,,0.0,,,,,,0.004815838765352964,0.07011150568723679,7.844877836760134e-05,0.040380582213401794,0.027627291157841682,0.08870762586593628,0.0,0.0,0.0009170479606837034,0.0006411598460552778,,,
883,True,,,,,0.0,,,,,,0.00227468553930521,0.04400162771344185,4.006007293355651e-05,0.022073375061154366,0.014491373673081398,0.0887124165892601,0.0,0.0,0.0005989837227389216,0.0006404601837133892,,,
884,True,,,,,0.0,,,,,,0.004253192339092493,0.04908374696969986,7.022582576610148e-05,0.037036750465631485,0.026952896267175674,0.08871743083000183,0.0,0.0,0.0008199800504371524,0.0006397602934078876,,,
885,True,,,,,0.0,,,,,,0.002548848744481802,0.0575748085975647,4.2454455979168415e-05,0.02617594599723816,0.01696116477251053,0.08872219175100327,0.0,0.0,0.0006693311152048409,0.0006390601769025271,,,
886,True,,,,,0.0,,,,,,0.0020653908140957355,0.04089004546403885,5.819652142236009e-05,0.018025487661361694,0.010954723693430424,0.08872711658477783,0.0,0.0,0.0006536058499477804,0.0006383598359616325,,,
887,True,,,,,0.0,,,,,,0.002457217313349247,0.03821604326367378,3.0927803891245276e-05,0.02173985354602337,0.014558250084519386,0.0887317806482315,0.0,0.0,0.0007058859337121248,0.0006376592723500928,,,
888,True,,,,,0.0,,,,,,0.0028447555378079414,0.05135316401720047,3.833986556855962e-05,0.025057779625058174,0.016171179711818695,0.0887359231710434,0.0,0.0,0.000679775548633188,0.0006369584878333593,,,
889,True,,,,,0.0,,,,,,0.003658370580524206,0.051336899399757385,3.529269088176079e-05,0.032760679721832275,0.023063579574227333,0.08873952180147171,0.0,0.0,0.0007800217717885971,0.0006362574841774397,,,
890,True,,,,,0.0,,,,,,0.0021019200794398785,0.041904278099536896,7.82011411502026e-05,0.02016938105225563,0.012950502336025238,0.0887431874871254,0.0,0.0,0.0005509511684067547,0.0006355562631488933,,,
891,True,,,,,0.0,,,,,,0.0034377737902104855,0.052288904786109924,3.9946862671058625e-05,0.031050102785229683,0.02147599682211876,0.08874685317277908,0.0,0.0,0.0008575321990065277,0.0006348548265148281,,,
892,True,,,,,0.0,,,,,,0.004078153055161238,0.04564907029271126,7.121932867448777e-05,0.03435361012816429,0.024787427857518196,0.08875146508216858,0.0,0.0,0.000944242172408849,0.0006341531760428949,,,
893,True,,,,,0.0,,,,,,0.004644940607249737,0.04570409655570984,4.300015280023217e-05,0.037272460758686066,0.0271480493247509,0.08875627815723419,0.0,0.0,0.0007241489947773516,0.0006334513135012837,,,
894,True,,,,,0.0,,,,,,0.003467204049229622,0.049711164087057114,5.8914170949719846e-05,0.02923716977238655,0.019881779327988625,0.08876128494739532,0.0,0.0,0.0007281717262230814,0.0006327492406587186,,,
895,True,,,,,0.0,,,,,,0.002473399043083191,0.038769789040088654,2.9388325856416486e-05,0.023671075701713562,0.016418345272541046,0.08876581490039825,0.0,0.0,0.0005963302101008594,0.0006320469592844539,,,
896,True,,,,,0.0,,,,,,0.0017233093967661262,0.04591842740774155,3.905111225321889e-05,0.016005905345082283,0.008783525787293911,0.08877004683017731,0.0,0.0,0.0005470933392643929,0.0006313444711482692,,,
897,True,,,,,0.0,,,,,,0.006060718558728695,0.05914270132780075,3.5098470107186586e-05,0.0426107756793499,0.029730496928095818,0.08877409994602203,0.0,0.0,0.0006471073720604181,0.0006306417780204655,,,
898,True,,,,,0.0,,,,,,0.0038597385864704847,0.0523010678589344,7.981038652360439e-05,0.034722767770290375,0.02470523864030838,0.08877789229154587,0.0,0.0,0.0008277550805360079,0.0006299388816718599,,,
899,True,,,,,0.0,,,,,,0.002858825959265232,0.04691470414400101,4.050070128869265e-05,0.025053344666957855,0.016594981774687767,0.08878177404403687,0.0,0.0,0.0006569921970367432,0.000629235783873782,,,
900,True,,,,,0.0,,,,,,0.0038230714853852987,0.0542805939912796,7.567535794805735e-05,0.034221649169921875,0.02404482290148735,0.08878564834594727,0.0,0.0,0.0006462339661084116,0.000628532486398069,0.00035694913349452827,0.00047729837561197444,2.912644123281534e-05
901,True,,,,,0.0,,,,,,0.0041919550858438015,0.051730651408433914,4.3125241063535213e-05,0.03858228400349617,0.028307808563113213,0.08878930658102036,0.0,0.0,0.0008408949943259358,0.0006278289910170611,,,
902,True,,,,,0.0,,,,,,0.003506237640976906,0.05924277752637863,6.113476410973817e-05,0.03209192305803299,0.021742912009358406,0.08879292756319046,0.0,0.0,0.000635530857834965,0.0006271252995035977,,,
903,True,,,,,0.0,,,,,,0.0037840260192751884,0.049699798226356506,2.9539802198996767e-05,0.032955415546894073,0.023298677057027817,0.08879639953374863,0.0,0.0,0.0007248213514685631,0.0006264214136310119,,,
904,True,,,,,0.0,,,,,,0.004996645264327526,0.06383605301380157,3.90931818401441e-05,0.044197775423526764,0.03190997987985611,0.08879963308572769,0.0,0.0,0.000766030338127166,0.0006257173351731268,,,
905,True,,,,,0.0,,,,,,0.0018442291766405106,0.05105059593915939,3.688512879307382e-05,0.02007966861128807,0.012223911471664906,0.08880257606506348,0.0,0.0,0.0005093252984806895,0.0006250130659042509,,,
906,True,,,,,0.0,,,,,,0.0037608849816024303,0.0478966161608696,8.120253914967179e-05,0.03145553916692734,0.02197633869946003,0.08880525082349777,0.0,0.0,0.0007147034048102796,0.0006243086075991735,,,
907,True,,,,,0.0,,,,,,0.004356110468506813,0.06824371963739395,4.000689659733325e-05,0.03499072790145874,0.02290215902030468,0.08880823850631714,0.0,0.0,0.000622445484623313,0.0006236039620331605,,,
908,True,,,,,0.0,,,,,,0.004239501431584358,0.05059816315770149,7.31815816834569e-05,0.035081442445516586,0.02485741674900055,0.08881152421236038,0.0,0.0,0.001008695107884705,0.0006228991309819491,,,
909,True,,,,,0.0,,,,,,0.004223327152431011,0.05929946154356003,4.267950134817511e-05,0.03712750971317291,0.02606474980711937,0.08881481736898422,0.0,0.0,0.000841191504150629,0.0006221941162217449,,,
910,True,,,,,0.0,,,,,,0.006770942360162735,0.06942261755466461,5.948813850409351e-05,0.05227448791265488,0.03764335438609123,0.08881824463605881,0.0,0.0,0.0009505284251645207,0.000621488919529215,,,
911,True,,,,,0.0,,,,,,0.0016732725780457258,0.03611600399017334,2.9273152904352173e-05,0.01586422696709633,0.009676499292254448,0.08882174640893936,0.0,0.0,0.000552570098079741,0.0006207835426814868,,,
912,True,,,,,0.0,,,,,,0.004007082432508469,0.04970870167016983,3.8432172004831955e-05,0.0314997136592865,0.02161429263651371,0.08882495760917664,0.0,0.0,0.0006934465491212904,0.0006200779874561401,,,
913,True,,,,,0.0,,,,,,0.004337497986853123,0.062142372131347656,3.4531214623712e-05,0.037446629256010056,0.025989342480897903,0.08882855623960495,0.0,0.0,0.0005824976251460612,0.0006193722556312051,,,
914,True,,,,,0.0,,,,,,0.0013545544352382421,0.03276476636528969,7.848783570807427e-05,0.013903112150728703,0.008344516158103943,0.08883205056190491,0.0,0.0,0.00043953736894764006,0.000618666348985157,,,
915,True,,,,,0.0,,,,,,0.0025588152930140495,0.04736886918544769,3.9883256249595433e-05,0.02533482387661934,0.017130829393863678,0.0888352021574974,0.0,0.0,0.0006452765082940459,0.0006179602692969111,,,
916,True,,,,,0.0,,,,,,0.005508578848093748,0.05937604606151581,7.045830716378987e-05,0.04774578660726547,0.035375989973545074,0.0888386070728302,0.0,0.0,0.0007190313772298396,0.000617254018345819,,,
917,True,,,,,0.0,,,,,,0.0036883517168462276,0.057556744664907455,4.22869561589323e-05,0.029493242502212524,0.019139651209115982,0.08884231001138687,0.0,0.0,0.0006216553738340735,0.0006165475979116644,,,
918,True,,,,,0.0,,,,,,0.004842613823711872,0.06154022365808487,5.827478162245825e-05,0.043195221573114395,0.0312809944152832,0.08884573727846146,0.0,0.0,0.0007521301740780473,0.0006158410097746571,,,
919,True,,,,,0.0,,,,,,0.002502298913896084,0.04756797105073929,2.7733894967241213e-05,0.022099055349826813,0.013937605544924736,0.0888487696647644,0.0,0.0,0.0007082822266966105,0.0006151342557154302,,,
920,True,,,,,0.0,,,,,,0.004259467124938965,0.050536781549453735,3.8598693208768964e-05,0.03621931001543999,0.025998344644904137,0.08885182440280914,0.0,0.0,0.0006515299319289625,0.000614427337515035,,,
921,True,,,,,0.0,,,,,,0.00423981249332428,0.05330105870962143,3.4526045055827126e-05,0.040580302476882935,0.03010457381606102,0.08885474503040314,0.0,0.0,0.000960901437792927,0.0006137202569549362,,,
922,True,,,,,0.0,,,,,,0.0044575827196240425,0.059548888355493546,7.815906428731978e-05,0.034298766404390335,0.02295863814651966,0.0888579934835434,0.0,0.0,0.000719096977263689,0.0006130130158170074,,,
923,True,,,,,0.0,,,,,,0.0030811200849711895,0.04018775373697281,4.018522668047808e-05,0.02631451189517975,0.018305912613868713,0.08886107802391052,0.0,0.0,0.000748782476875931,0.0006123056158835273,,,
924,True,,,,,0.0,,,,,,0.005297464784234762,0.06806351244449615,7.007202657405287e-05,0.04450611397624016,0.03147861734032631,0.08886411041021347,0.0,0.0,0.0009209387353621423,0.0006115980589371747,,,
925,True,,,,,0.0,,,,,,0.006284726317971945,0.06205173209309578,4.1659310227259994e-05,0.056636422872543335,0.043237023055553436,0.08886688947677612,0.0,0.0,0.0010201084660366178,0.000610890346761024,,,
926,True,,,,,0.0,,,,,,0.005281548481434584,0.06413258612155914,5.7482389820506796e-05,0.041650909930467606,0.02903866581618786,0.08886945992708206,0.0,0.0,0.0012037670239806175,0.0006101824811385405,,,
927,True,,,,,0.0,,,,,,0.002474104519933462,0.0495791956782341,2.8175030820420943e-05,0.021777505055069923,0.013442677445709705,0.08887169510126114,0.0,0.0,0.0005859409575350583,0.0006094744638535769,,,
928,True,,,,,0.0,,,,,,0.0007808377267792821,0.020408980548381805,3.8256221159826964e-05,0.007961977273225784,0.004232375416904688,0.08887377381324768,0.0,0.0,0.00035141714033670723,0.0006087662966903674,,,
929,True,,,,,0.0,,,,,,0.003302378114312887,0.043011799454689026,3.450785516179167e-05,0.027557509019970894,0.019047938287258148,0.0888758972287178,0.0,0.0,0.000813534832559526,0.0006080579814335245,,,
930,True,,,,,0.0,,,,,,0.0017840623622760177,0.039974555373191833,7.753304089419544e-05,0.017865348607301712,0.01115628145635128,0.08887828141450882,0.0,0.0,0.0006730321329087019,0.000607349519868033,,,
931,True,,,,,0.0,,,,,,0.005836868193000555,0.0669717863202095,3.86211286240723e-05,0.05298611521720886,0.03954395279288292,0.08888063579797745,0.0,0.0,0.001003028592094779,0.0006066409137792476,,,
932,True,,,,,0.0,,,,,,0.005378410220146179,0.05611462891101837,7.107436249498278e-05,0.044300127774477005,0.03238588571548462,0.08888310939073563,0.0,0.0,0.0010306230979040265,0.000605932164952886,,,
933,True,,,,,0.0,,,,,,0.0029791253618896008,0.045656196773052216,4.1880441131070256e-05,0.027603982016444206,0.019149433821439743,0.08888643980026245,0.0,0.0,0.0006178271141834557,0.0006052232751750266,,,
934,True,,,,,0.0,,,,,,0.0035207418259233236,0.056192636489868164,5.704757495550439e-05,0.03319830447435379,0.02314087375998497,0.08889021724462509,0.0,0.0,0.0007587383734062314,0.0006045142462321025,,,
935,True,,,,,0.0,,,,,,0.00450552674010396,0.06331478804349899,2.732402936089784e-05,0.03722130507230759,0.0254816971719265,0.08889395743608475,0.0,0.0,0.0007312474772334099,0.0006038050799108976,,,
936,True,,,,,0.0,,,,,,0.0018095107516273856,0.03863485902547836,3.810938142123632e-05,0.01764063909649849,0.011059610173106194,0.08889780938625336,0.0,0.0,0.0005991407088004053,0.000603095777998542,,,
937,True,,,,,0.0,,,,,,0.0052834185771644115,0.057676393538713455,3.386546450201422e-05,0.044212475419044495,0.032255470752716064,0.08890141546726227,0.0,0.0,0.0010455205338075757,0.0006023863422825075,,,
938,True,,,,,0.0,,,,,,0.004078207537531853,0.056872181594371796,8.419003279414028e-05,0.03394385799765587,0.023247279226779938,0.08890591561794281,0.0,0.0,0.0007845766958780587,0.0006016767745506029,,,
939,True,,,,,0.0,,,,,,0.0034706543665379286,0.06806831806898117,4.015832382719964e-05,0.030782736837863922,0.019596070051193237,0.08891002088785172,0.0,0.0,0.0007344055338762701,0.0006009670765909699,,,
940,True,,,,,0.0,,,,,,0.00534567516297102,0.06624412536621094,7.67420424381271e-05,0.04275691509246826,0.029859313741326332,0.08891429007053375,0.0,0.0,0.0009185130475088954,0.0006002572501920786,,,
941,True,,,,,0.0,,,,,,0.0027880005072802305,0.043613120913505554,4.101080048712902e-05,0.022694945335388184,0.01463593915104866,0.08891871571540833,0.0,0.0,0.000605759269092232,0.0005995472971427224,,,
942,True,,,,,0.0,,,,,,0.002922407351434231,0.040197424590587616,6.371733616106212e-05,0.023700758814811707,0.015837520360946655,0.08892308175563812,0.0,0.0,0.0005616956623271108,0.0005988372192320139,,,
943,True,,,,,0.0,,,,,,0.00536905974149704,0.0714220479130745,2.883346678572707e-05,0.047011278569698334,0.03359632194042206,0.08892746269702911,0.0,0.0,0.0008194646215997636,0.0005981270182493806,,,
944,True,,,,,0.0,,,,,,0.0029694829136133194,0.04907231777906418,3.881000884575769e-05,0.02936169132590294,0.020576249808073044,0.08893222361803055,0.0,0.0,0.0007517022313550115,0.0005974166959845598,,,
945,True,,,,,0.0,,,,,,0.005765704438090324,0.06641004979610443,3.6080251447856426e-05,0.049686625599861145,0.036372508853673935,0.088936947286129,0.0,0.0,0.0010584306437522173,0.0005967062542275946,,,
946,True,,,,,0.0,,,,,,0.0044430699199438095,0.056556880474090576,8.519407128915191e-05,0.04069190472364426,0.029661132022738457,0.08894170075654984,0.0,0.0,0.0008592752274125814,0.0005959956947688294,,,
947,True,,,,,0.0,,,,,,0.004851751960813999,0.06035815179347992,3.973561615566723e-05,0.0411422997713089,0.029345400631427765,0.08894646167755127,0.0,0.0,0.0007672159699723125,0.0005952850193989051,,,
948,True,,,,,0.0,,,,,,0.002817847765982151,0.04352467879652977,7.640799594810233e-05,0.02477538213133812,0.016677353531122208,0.08895102888345718,0.0,0.0,0.0005529990303330123,0.0005945742299087546,,,
949,True,,,,,0.0,,,,,,0.0022209228482097387,0.05811518058180809,4.130630622967146e-05,0.022975211963057518,0.014032565988600254,0.08895529061555862,0.0,0.0,0.0005735506420023739,0.0005938633280895984,,,
950,True,,,,,0.0,,,,,,0.0026455370243638754,0.04504450038075447,6.180773925734684e-05,0.026655543595552444,0.01858505979180336,0.08895926177501678,0.0,0.0,0.0006522248731926084,0.0005931523157329401,,,
951,True,,,,,0.0,,,,,,0.003640190465375781,0.06094690039753914,2.9099464882165194e-05,0.035030849277973175,0.024391787126660347,0.08896340429782867,0.0,0.0,0.0007049645646475255,0.000592441194630562,,,
952,True,,,,,0.0,,,,,,0.005349252372980118,0.05522182583808899,3.9080940041458234e-05,0.04034918546676636,0.028568534180521965,0.08896780759096146,0.0,0.0,0.000706799968611449,0.0005917299665745203,,,
953,True,,,,,0.0,,,,,,0.007309806998819113,0.0748901218175888,3.617098991526291e-05,0.053432218730449677,0.03772558644413948,0.08897276967763901,0.0,0.0,0.0009919659933075309,0.0005910186333571407,,,
954,True,,,,,0.0,,,,,,0.001272976747713983,0.03261194005608559,7.771606033202261e-05,0.012501572258770466,0.007038758136332035,0.08897846192121506,0.0,0.0,0.000458128924947232,0.0005903071967710139,,,
955,True,,,,,0.0,,,,,,0.005197431426495314,0.058326225727796555,3.910457598976791e-05,0.04356980323791504,0.03163035959005356,0.08898358792066574,0.0,0.0,0.0008604823378846049,0.0005895956586089912,,,
956,True,,,,,0.0,,,,,,0.0032161101698875427,0.04530790448188782,7.143487891880795e-05,0.025773530825972557,0.017101027071475983,0.08898842334747314,0.0,0.0,0.0008135333773680031,0.0005888840206641801,,,
957,True,,,,,0.0,,,,,,0.001266780192963779,0.03817491605877876,4.099035868421197e-05,0.012904534116387367,0.006909832824021578,0.08899346739053726,0.0,0.0,0.0005283678183332086,0.0005881722847299389,,,
958,True,,,,,0.0,,,,,,0.002575395628809929,0.04065445810556412,6.271630263654515e-05,0.023003261536359787,0.015441080555319786,0.08899817615747452,0.0,0.0,0.000659681623801589,0.0005874604525998735,,,
959,True,,,,,0.0,,,,,,0.003868246916681528,0.05493173748254776,2.8141970688011497e-05,0.03334532305598259,0.023079806938767433,0.0890025645494461,0.0,0.0,0.0006469858926720917,0.0005867485260678319,,,
960,True,,,,,0.0,,,,,,0.0022155202459543943,0.03890300914645195,3.973143611801788e-05,0.019641604274511337,0.012625847943127155,0.08900684863328934,0.0,0.0,0.0006070513045415282,0.0005860365069279,,,
961,True,,,,,0.0,,,,,,0.004442795179784298,0.06593656539916992,3.73992879758589e-05,0.03765556588768959,0.025710303336381912,0.08901086449623108,0.0,0.0,0.0006452614907175303,0.0005853243969743972,,,
962,True,,,,,0.0,,,,,,0.0026339429896324873,0.0420512929558754,8.421826350968331e-05,0.025345217436552048,0.0175738837569952,0.08901519328355789,0.0,0.0,0.0007209340110421181,0.0005846121980018715,,,
963,True,,,,,0.0,,,,,,0.0028696241788566113,0.04056674242019653,4.0005568735068664e-05,0.02240423671901226,0.014567745849490166,0.08901889622211456,0.0,0.0,0.0004902971559204161,0.0005838999118050956,,,
964,True,,,,,0.0,,,,,,0.005905941128730774,0.06425029039382935,7.183249545050785e-05,0.04568382352590561,0.03242671489715576,0.08902233093976974,0.0,0.0,0.0009187973919324577,0.0005831875401790617,,,
965,True,,,,,0.0,,,,,,0.003272431902587414,0.043037839233875275,4.2043386201839894e-05,0.030016697943210602,0.021529201418161392,0.08902578800916672,0.0,0.0,0.0006109467940405011,0.0005824750849189774,,,
966,True,,,,,0.0,,,,,,0.002279078820720315,0.04894886165857315,5.94451958022546e-05,0.022420676425099373,0.014326700940728188,0.08902880549430847,0.0,0.0,0.0005817333003506064,0.0005817625478202612,,,
967,True,,,,,0.0,,,,,,0.003050627186894417,0.05433495715260506,2.7223308279644698e-05,0.03104599379003048,0.02165794000029564,0.08903200924396515,0.0,0.0,0.0008326422539539635,0.0005810499306785374,,,
968,True,,,,,0.0,,,,,,0.005211798008531332,0.06746459007263184,3.934825144824572e-05,0.042948514223098755,0.03008023276925087,0.08903530985116959,0.0,0.0,0.0008853912586346269,0.0005803372352896326,,,
969,True,,,,,0.0,,,,,,0.002856894163414836,0.04364880174398422,3.5295612178742886e-05,0.02647295594215393,0.018343137577176094,0.0890396386384964,0.0,0.0,0.0007139605586417019,0.0005796244634495704,,,
970,True,,,,,0.0,,,,,,0.003989921882748604,0.057169198989868164,7.932813605293632e-05,0.033420100808143616,0.022783156484365463,0.08904387801885605,0.0,0.0,0.0007502478547394276,0.0005789116169545666,,,
971,True,,,,,0.0,,,,,,0.002291355049237609,0.0423545241355896,4.128964792471379e-05,0.02003810741007328,0.01260017603635788,0.08904806524515152,0.0,0.0,0.0005928026512265205,0.0005781986976010257,,,
972,True,,,,,0.0,,,,,,0.0033064396120607853,0.0483519583940506,7.367611397057772e-05,0.030651187524199486,0.02158219739794731,0.08905177563428879,0.0,0.0,0.00063449697336182,0.0005774857071855356,,,
973,True,,,,,0.0,,,,,,0.003302023746073246,0.044262584298849106,4.625590372597799e-05,0.028950566425919533,0.02030860260128975,0.08905534446239471,0.0,0.0,0.000757126952521503,0.0005767726475048632,,,
974,True,,,,,0.0,,,,,,0.004569018259644508,0.06785386800765991,6.122974446043372e-05,0.04110712185502052,0.028831511735916138,0.08905886858701706,0.0,0.0,0.0008059864630922675,0.0005760595203559501,,,
975,True,,,,,0.0,,,,,,0.0014715873403474689,0.044945456087589264,3.109248063992709e-05,0.01601520925760269,0.009142904542386532,0.08906248211860657,0.0,0.0,0.0006228006677702069,0.0005753463275359079,,,
976,True,,,,,0.0,,,,,,0.0039136894047260284,0.0567672997713089,3.9724538510199636e-05,0.03072877787053585,0.020227838307619095,0.08906593173742294,0.0,0.0,0.0006670452421531081,0.0005746330708420134,,,
977,True,,,,,0.0,,,,,,0.0020485646091401577,0.04385341331362724,3.511839531711303e-05,0.019169779494404793,0.01182762160897255,0.0890691950917244,0.0,0.0,0.0005116359097883105,0.0005739197520717053,,,
978,True,,,,,0.0,,,,,,0.006586992647498846,0.06398875266313553,7.835126598365605e-05,0.05594753101468086,0.04203176498413086,0.08907214552164078,0.0,0.0,0.0009296580101363361,0.0005732063730225771,,,
979,True,,,,,0.0,,,,,,0.003223353996872902,0.048607807606458664,4.164077836321667e-05,0.027237718924880028,0.018242008984088898,0.08907534182071686,0.0,0.0,0.0008429502486251295,0.0005724929354923756,,,
980,True,,,,,0.0,,,,,,0.004265257623046637,0.04799953103065491,7.675391680095345e-05,0.03653494641184807,0.026540573686361313,0.08907856792211533,0.0,0.0,0.0007778005092404783,0.0005717794412789946,,,
981,True,,,,,0.0,,,,,,0.0039286063984036446,0.06781663745641708,4.3443142203614116e-05,0.037714045494794846,0.026091236621141434,0.08908163756132126,0.0,0.0,0.0006343427230603993,0.0005710658921804705,,,
982,True,,,,,0.0,,,,,,0.003337642177939415,0.05146901309490204,6.396182288881391e-05,0.02964142896234989,0.020234063267707825,0.08908423781394958,0.0,0.0,0.0007435210281983018,0.0005703522899949783,,,
983,True,,,,,0.0,,,,,,0.0029257943388074636,0.05022503063082695,2.9067490686429664e-05,0.02775505743920803,0.018901357427239418,0.08908690512180328,0.0,0.0,0.0006711168680340052,0.0005696386365208268,,,
984,True,,,,,0.0,,,,,,0.001289660925976932,0.028126372024416924,3.983846545452252e-05,0.012903527356684208,0.00789041630923748,0.08908938616514206,0.0,0.0,0.0005255697178654373,0.0005689249335564537,,,
985,True,,,,,0.0,,,,,,0.0031135263852775097,0.04954696074128151,3.643228410510346e-05,0.02814621478319168,0.019168857485055923,0.08909188210964203,0.0,0.0,0.0006495338748209178,0.0005682111829004216,,,
986,True,,,,,0.0,,,,,,0.003550909459590912,0.04863467067480087,7.870132685638964e-05,0.031852997839450836,0.022508328780531883,0.08909433335065842,0.0,0.0,0.0007293096277862787,0.0005674973863514135,,,
987,True,,,,,0.0,,,,,,0.001993151381611824,0.03841596096754074,4.090418224222958e-05,0.02015869691967964,0.013412531465291977,0.08909673243761063,0.0,0.0,0.0005058976239524782,0.0005667835457082277,,,
988,True,,,,,0.0,,,,,,0.0014798393240198493,0.0455157496035099,7.387482037302107e-05,0.017020775005221367,0.010061433538794518,0.0890989899635315,0.0,0.0,0.000494975654873997,0.000566069662769774,,,
989,True,,,,,0.0,,,,,,0.0017233507242053747,0.03647347539663315,4.317011553212069e-05,0.01779252290725708,0.011509226635098457,0.0891013890504837,0.0,0.0,0.0005313127185218036,0.0005653557393350683,,,
990,True,,,,,0.0,,,,,,0.0028109895065426826,0.05070815235376358,6.317798397503793e-05,0.0252069178968668,0.016402486711740494,0.08910366892814636,0.0,0.0,0.0005917591042816639,0.000564641777203229,,,
991,True,,,,,0.0,,,,,,0.004520876798778772,0.07027636468410492,3.0730789148947224e-05,0.03767013922333717,0.025215204805135727,0.08910563588142395,0.0,0.0,0.0007124702096916735,0.0005639277781734719,,,
992,True,,,,,0.0,,,,,,0.0033067152835428715,0.04995530843734741,3.983149508712813e-05,0.030113130807876587,0.020899895578622818,0.08910740166902542,0.0,0.0,0.0008282660855911672,0.0005632137440451057,,,
993,True,,,,,0.0,,,,,,0.002156726084649563,0.05896548554301262,3.6417633964447305e-05,0.02380983904004097,0.01484725996851921,0.08910942822694778,0.0,0.0,0.0005736043094657362,0.0005624996766175276,,,
994,True,,,,,0.0,,,,,,0.0035113082267344,0.04634017497301102,7.945521792862564e-05,0.03507266938686371,0.025996506214141846,0.08911123126745224,0.0,0.0,0.0007403066847473383,0.0005617855776902184,,,
995,True,,,,,0.0,,,,,,0.005514107644557953,0.05632347613573074,4.0742346754996106e-05,0.04649100452661514,0.03443304821848869,0.08911299705505371,0.0,0.0,0.0008903892012313008,0.0005610714490627389,,,
996,True,,,,,0.0,,,,,,0.0031484104692935944,0.055991269648075104,7.240729610202834e-05,0.030639370903372765,0.0209644827991724,0.08911469578742981,0.0,0.0,0.0005991257494315505,0.0005603572925347245,,,
997,True,,,,,0.0,,,,,,0.0034410094376653433,0.052424099296331406,4.388446905068122e-05,0.030793730169534683,0.021197203546762466,0.08911635726690292,0.0,0.0,0.0005750623531639576,0.0005596431099058804,,,
998,True,,,,,0.0,,,,,,0.0029924619011580944,0.04406766593456268,5.850074376212433e-05,0.025579718872904778,0.017260059714317322,0.08911807090044022,0.0,0.0,0.0005949992337264121,0.0005589289029759786,,,
999,True,,,,,0.0,,,,,,0.002843147609382868,0.052060578018426895,2.9990134862600826e-05,0.028186166658997536,0.01923077180981636,0.08911959826946259,0.0,0.0,0.000962843478191644,0.0005582146735448512,,,
1000,True,,,,,0.0,,,,,,0.007030826061964035,0.06431284546852112,3.905560151906684e-05,0.06018722802400589,0.045814380049705505,0.0891207605600357,0.0,0.0,0.0008938137907534838,0.0005575004234123877,0.0003786245777400444,0.0007572935953485066,1.4120866112449708e-05
1001,True,,,,,0.0,,,,,,0.002982810838147998,0.044851578772068024,3.64552834071219e-05,0.027463752776384354,0.019086332991719246,0.08912226557731628,0.0,0.0,0.000669008819386363,0.0005567861543785299,,,
1002,True,,,,,0.0,,,,,,0.0018195140874013305,0.04431769251823425,7.700681453570724e-05,0.01777706667780876,0.01059604249894619,0.08912382274866104,0.0,0.0,0.0004963258397765458,0.0005560718682432667,,,
1003,True,,,,,0.0,,,,,,0.004439172800630331,0.06419108808040619,3.881446536979638e-05,0.03541170060634613,0.023642756044864655,0.08912566304206848,0.0,0.0,0.0006522090989165008,0.0005553575668066303,,,
1004,True,,,,,0.0,,,,,,0.0016780989244580269,0.04347884654998779,7.557404023827985e-05,0.01702439971268177,0.010069353505969048,0.08912751078605652,0.0,0.0,0.0005152212688699365,0.0005546432518686918,,,
1005,True,,,,,0.0,,,,,,0.005681504961103201,0.06592613458633423,4.119515506317839e-05,0.046735603362321854,0.03354959189891815,0.08912955224514008,0.0,0.0,0.0006183406221680343,0.0005539289252295556,,,
1006,True,,,,,0.0,,,,,,0.0060050333850085735,0.0685974583029747,5.862403122591786e-05,0.05027848482131958,0.03649307042360306,0.0891319289803505,0.0,0.0,0.0008712350390851498,0.0005532145886893566,,,
1007,True,,,,,0.0,,,,,,0.004396243020892143,0.058894649147987366,2.7396963560022414e-05,0.03851749002933502,0.027326740324497223,0.08913444727659225,0.0,0.0,0.0006898259744048119,0.0005525002440482534,,,
1008,True,,,,,0.0,,,,,,0.002682738471776247,0.04170119762420654,3.869615466101095e-05,0.02385280840098858,0.01608923077583313,0.08913707733154297,0.0,0.0,0.0006174712325446308,0.0005517858931064261,,,
1009,True,,,,,0.0,,,,,,0.004011906683444977,0.05607916787266731,3.48831235896796e-05,0.038123831152915955,0.027595169842243195,0.0891396626830101,0.0,0.0,0.0007670689956285059,0.0005510715376640704,,,
1010,True,,,,,0.0,,,,,,0.002980954712256789,0.05245854705572128,7.61689298087731e-05,0.027347229421138763,0.018190911039710045,0.08914241939783096,0.0,0.0,0.0006895167753100395,0.0005503571795213929,,,
1011,True,,,,,0.0,,,,,,0.0021657373290508986,0.04212380573153496,3.891235974151641e-05,0.020986827090382576,0.013697801157832146,0.08914532512426376,0.0,0.0,0.0005794058670289814,0.0005496428204786074,,,
1012,True,,,,,0.0,,,,,,0.010763600468635559,0.08367028832435608,7.212935452116653e-05,0.11249887198209763,0.09244069457054138,0.08914808928966522,0.0,0.0,0.0013697217218577862,0.0005489284623359297,,,
1013,True,,,,,0.0,,,,,,0.003583599580451846,0.057697366923093796,4.240007547196001e-05,0.029463011771440506,0.01919695734977722,0.0891517773270607,0.0,0.0,0.0006512333056889474,0.0005482141068935738,,,
1014,True,,,,,0.0,,,,,,0.0026613580994307995,0.04748626798391342,5.862403122591786e-05,0.026458509266376495,0.01812765561044216,0.08915570378303528,0.0,0.0,0.0005747320246882737,0.0005474997559517467,,,
1015,True,,,,,0.0,,,,,,0.003558921627700329,0.06539604067802429,2.9026436095591635e-05,0.03145108371973038,0.020446447655558586,0.08915963768959045,0.0,0.0,0.0007678139954805374,0.0005467854113106438,,,
1016,True,,,,,0.0,,,,,,0.005227915942668915,0.06479085236787796,4.042743603349663e-05,0.04482496529817581,0.03220611438155174,0.08916380256414413,0.0,0.0,0.0008539331029169261,0.0005460710747704445,,,
1017,True,,,,,0.0,,,,,,0.0022974377498030663,0.04578975588083267,3.471646050456911e-05,0.02115735225379467,0.013371901586651802,0.0891679972410202,0.0,0.0,0.0005093701765872538,0.0005453567481313083,,,
1018,True,,,,,0.0,,,,,,0.004346274770796299,0.05236852169036865,7.717755943303928e-05,0.03219784423708916,0.02168441191315651,0.08917198330163956,0.0,0.0,0.0006418482516892254,0.0005446424331933697,,,
1019,True,,,,,0.0,,,,,,0.002643701620399952,0.047656942158937454,3.906324127456173e-05,0.023934002965688705,0.015613313764333725,0.08917610347270966,0.0,0.0,0.0005925510195083916,0.0005439281317567335,,,
1020,True,,,,,0.0,,,,,,0.004446030594408512,0.06878942996263504,7.244321750476956e-05,0.036845799535512924,0.024592803791165352,0.08918014168739319,0.0,0.0,0.0006555154686793685,0.0005432138456214703,,,
1021,True,,,,,0.0,,,,,,0.004571744706481695,0.07385753840208054,4.214192449580878e-05,0.03822663053870201,0.025356225669384003,0.08918362110853195,0.0,0.0,0.0008395140175707638,0.0005424995765876124,,,
1022,True,,,,,0.0,,,,,,0.002725612372159958,0.05242004245519638,5.8565747167449445e-05,0.026025062426924706,0.017136286944150925,0.0891876146197319,0.0,0.0,0.0005908157909289002,0.0005417853264551489,,,
1023,True,,,,,0.0,,,,,,0.0032925475388765335,0.055352404713630676,2.727165338001214e-05,0.03237009420990944,0.022636758163571358,0.08919111639261246,0.0,0.0,0.0006895363912917674,0.0005410710970240217,,,
1024,True,,,,,0.0,,,,,,0.006067919544875622,0.05938602611422539,3.822422513621859e-05,0.04947827011346817,0.03656069189310074,0.08919447660446167,0.0,0.0,0.00100588402710855,0.0005403568900941196,,,
1025,True,,,,,0.0,,,,,,0.005799207370728254,0.05945923924446106,3.467942224233411e-05,0.044518403708934784,0.031863946467638016,0.08919855952262878,0.0,0.0,0.0007685511372983456,0.0005396427074652757,,,
1026,True,,,,,0.0,,,,,,0.0019385631894692779,0.04143416881561279,7.701820140937343e-05,0.017607178539037704,0.010594661347568035,0.08920283615589142,0.0,0.0,0.0005471445620059967,0.000538928550937261,,,
1027,True,,,,,0.0,,,,,,0.0038409321568906307,0.058840155601501465,3.898662544088438e-05,0.03521600738167763,0.024579498916864395,0.08920702338218689,0.0,0.0,0.0005723592475987971,0.0005382144223097817,,,
1028,True,,,,,0.0,,,,,,0.004694783594459295,0.05231695622205734,7.218501559691504e-05,0.042451150715351105,0.03159646689891815,0.08921083807945251,0.0,0.0,0.001092195394448936,0.0005375003233824726,,,
1029,True,,,,,0.0,,,,,,0.0019822046160697937,0.041635800153017044,4.2508756450843066e-05,0.017448490485548973,0.010389300994575024,0.08921515941619873,0.0,0.0,0.0005508915055543184,0.0005367862559548942,,,
1030,True,,,,,0.0,,,,,,0.004543503746390343,0.05238185077905655,5.963472358416766e-05,0.03957917168736458,0.028875473886728287,0.0892191082239151,0.0,0.0,0.0007364651537500322,0.0005360722218265281,,,
1031,True,,,,,0.0,,,,,,0.0021773511543869972,0.036993395537137985,2.7109170332551003e-05,0.018991582095623016,0.012209108099341393,0.08922285586595535,0.0,0.0,0.000570455682463944,0.000535358222796771,,,
1032,True,,,,,0.0,,,,,,0.002956229029223323,0.05072535201907158,3.90738423448056e-05,0.029002169147133827,0.02006160095334053,0.0892266109585762,0.0,0.0,0.0006531234248541296,0.0005346442606649317,,,
1033,True,,,,,0.0,,,,,,0.0025600548833608627,0.0446406714618206,3.7363126466516405e-05,0.02570808306336403,0.0177729744464159,0.0892305076122284,0.0,0.0,0.0006919095176272094,0.0005339303372302261,,,
1034,True,,,,,0.0,,,,,,0.0031760025303810835,0.06072915717959404,8.428456203546375e-05,0.02990582585334778,0.019722428172826767,0.08923380821943283,0.0,0.0,0.00066699821036309,0.0005332164542917725,,,
1035,True,,,,,0.0,,,,,,0.0045353262685239315,0.061853401362895966,3.961236143368296e-05,0.038007549941539764,0.026374706998467445,0.08923723548650742,0.0,0.0,0.0007845574873499572,0.0005325026136485866,,,
1036,True,,,,,0.0,,,,,,0.0028961701318621635,0.046755507588386536,7.286771142389625e-05,0.026120245456695557,0.01761968433856964,0.08924069255590439,0.0,0.0,0.0006058933795429766,0.0005317888170995785,,,
1037,True,,,,,0.0,,,,,,0.006497425492852926,0.07046572864055634,4.24779937020503e-05,0.05406598001718521,0.03960830345749855,0.08924392610788345,0.0,0.0,0.0008654643897898495,0.0005310750664435464,,,
1038,True,,,,,0.0,,,,,,0.0033398140221834183,0.0578751266002655,5.9063393564429134e-05,0.028215482831001282,0.01816614717245102,0.08924780786037445,0.0,0.0,0.0007720066932961345,0.0005303613634791734,,,
1039,True,,,,,0.0,,,,,,0.0009013225208036602,0.03422883525490761,3.075995482504368e-05,0.010339867323637009,0.005107766017317772,0.08925154060125351,0.0,0.0,0.0010852228151634336,0.0005296477100050217,,,
1040,True,,,,,0.0,,,,,,0.002985674887895584,0.05245497077703476,3.970111720263958e-05,0.02836889959871769,0.01922532729804516,0.08925499022006989,0.0,0.0,0.0007245697779580951,0.0005289341078195297,,,
1041,True,,,,,0.0,,,,,,0.004141186363995075,0.06510548293590546,3.718150401255116e-05,0.03428122401237488,0.022718310356140137,0.08925861865282059,0.0,0.0,0.0007242365390993655,0.0005282205587210056,,,
1042,True,,,,,0.0,,,,,,0.0016846142243593931,0.03508385270833969,8.747992978896946e-05,0.01705261692404747,0.010923256166279316,0.08926205337047577,0.0,0.0,0.0004386895161587745,0.0005275070645076247,,,
1043,True,,,,,0.0,,,,,,0.002055835910141468,0.034474022686481476,4.532926686806604e-05,0.018148407340049744,0.011729849502444267,0.08926543593406677,0.0,0.0,0.0005823635146953166,0.0005267936269774232,,,
1044,True,,,,,0.0,,,,,,0.0014646690106019378,0.033519353717565536,7.579786324640736e-05,0.015903109684586525,0.010155916213989258,0.0892690047621727,0.0,0.0,0.0005800426588393748,0.000526080247928295,,,
1045,True,,,,,0.0,,,,,,0.0032600443810224533,0.041571103036403656,4.922157313558273e-05,0.028372852131724358,0.020038362592458725,0.08927237242460251,0.0,0.0,0.0007477589533664286,0.0005253669291579864,,,
1046,True,,,,,0.0,,,,,,0.002933868672698736,0.04633626341819763,6.54144532745704e-05,0.022598382085561752,0.014105422422289848,0.08927574753761292,0.0,0.0,0.0006190916756168008,0.0005246536724640923,,,
1047,True,,,,,0.0,,,,,,0.003820326179265976,0.06274393945932388,2.9126711524440907e-05,0.03708842769265175,0.02608635649085045,0.08927898854017258,0.0,0.0,0.0007373641128651798,0.00052394047964405,,,
1048,True,,,,,0.0,,,,,,0.0039355820044875145,0.05343078076839447,3.989829929196276e-05,0.031843360513448715,0.02165193110704422,0.08928204327821732,0.0,0.0,0.0007218699902296066,0.0005232273524951368,,,
1049,True,,,,,0.0,,,,,,0.0032924870029091835,0.057104647159576416,3.482165629975498e-05,0.02805468440055847,0.01814146712422371,0.0892854705452919,0.0,0.0,0.000752694089896977,0.0005225142928144645,,,
1050,True,,,,,0.0,,,,,,0.0022206862922757864,0.041880086064338684,7.830151298549026e-05,0.021199936047196388,0.013859201222658157,0.08928896486759186,0.0,0.0,0.0005018246592953801,0.0005218013023989745,,,
1051,True,,,,,0.0,,,,,,0.0036660474725067616,0.05319719389081001,4.001038905698806e-05,0.032013460993766785,0.022114764899015427,0.0892922654747963,0.0,0.0,0.000663326820358634,0.0005210883830454335,,,
1052,True,,,,,0.0,,,,,,0.005347328260540962,0.05080893635749817,7.371263927780092e-05,0.04603470861911774,0.034676678478717804,0.08929511904716492,0.0,0.0,0.001695734797976911,0.0005203755365504296,,,
1053,True,,,,,0.0,,,,,,0.00434836046770215,0.0497981458902359,4.345850175013766e-05,0.03504464775323868,0.024801764637231827,0.08929792791604996,0.0,0.0,0.0009273805189877748,0.0005196627647103673,,,
1054,True,,,,,0.0,,,,,,0.0032590869814157486,0.05593535304069519,6.377767567755654e-05,0.02854769118130207,0.018770165741443634,0.08930129557847977,0.0,0.0,0.0005460500833578408,0.0005189500693214628,,,
1055,True,,,,,0.0,,,,,,0.0048619587905704975,0.06143518537282944,2.909828253905289e-05,0.04085542634129524,0.028942354023456573,0.0893043503165245,0.0,0.0,0.0008589381468482316,0.0005182374521797389,,,
1056,True,,,,,0.0,,,,,,0.0023930813185870647,0.033967599272727966,4.103811443201266e-05,0.019872577860951424,0.013169148936867714,0.08930701017379761,0.0,0.0,0.0005899482639506459,0.0005175249150810226,,,
1057,True,,,,,0.0,,,,,,0.0034991211723536253,0.04493480548262596,3.572030982468277e-05,0.028697775676846504,0.019794218242168427,0.08930946886539459,0.0,0.0,0.000685807375703007,0.0005168124598209383,,,
1058,True,,,,,0.0,,,,,,0.003704732283949852,0.05135277658700943,7.945869583636522e-05,0.03309541195631027,0.02332255244255066,0.0893118754029274,0.0,0.0,0.0008539106347598135,0.0005161000881949046,,,
1059,True,,,,,0.0,,,,,,0.0019046016968786716,0.04080568999052048,4.023333531222306e-05,0.020207542926073074,0.013309110887348652,0.08931457996368408,0.0,0.0,0.0005912334308959544,0.0005153878019981287,,,
1060,True,,,,,0.0,,,,,,0.0032946858555078506,0.04414479061961174,7.229945913422853e-05,0.02844753861427307,0.019809052348136902,0.08931723982095718,0.0,0.0,0.000727144826669246,0.0005146756030256029,,,
1061,True,,,,,0.0,,,,,,0.0034758923575282097,0.049636781215667725,4.3361098505556583e-05,0.029856383800506592,0.02050193026661873,0.08932016044855118,0.0,0.0,0.0006129217799752951,0.0005139634930721,,,
1062,True,,,,,0.0,,,,,,0.003199049038812518,0.0477658212184906,5.8323970733908936e-05,0.03051583655178547,0.021617813035845757,0.08932303637266159,0.0,0.0,0.0006614043959416449,0.0005132514739321681,,,
1063,True,,,,,0.0,,,,,,0.002479800023138523,0.05771777033805847,2.8343969461275265e-05,0.026172323152422905,0.0170133113861084,0.08932629227638245,0.0,0.0,0.0005941893323324621,0.0005125395474001265,,,
1064,True,,,,,0.0,,,,,,0.0023700145538896322,0.03922019153833389,3.856197145069018e-05,0.02136462740600109,0.014160018414258957,0.08932921290397644,0.0,0.0,0.0006632712320424616,0.000511827715270061,,,
1065,True,,,,,0.0,,,,,,0.004681319929659367,0.05400080233812332,3.518168887239881e-05,0.03850260376930237,0.02751029096543789,0.089332215487957,0.0,0.0,0.0009779928950592875,0.0005111159793358202,,,
1066,True,,,,,0.0,,,,,,0.002366481814533472,0.041666243225336075,7.805864152032882e-05,0.022765811532735825,0.015300320461392403,0.08933550864458084,0.0,0.0,0.0005754288868047297,0.0005104043413910089,,,
1067,True,,,,,0.0,,,,,,0.0014025805285200477,0.03811093419790268,3.958908200729638e-05,0.014774779789149761,0.008647928014397621,0.08933835476636887,0.0,0.0,0.00048345065442845225,0.0005096928032289862,,,
1068,True,,,,,0.0,,,,,,0.0023020722437649965,0.03866489976644516,7.411783008137718e-05,0.019546082243323326,0.012447050772607327,0.08934099227190018,0.0,0.0,0.0006029399228282273,0.0005089813666428594,,,
1069,True,,,,,0.0,,,,,,0.0039539216086268425,0.07153603434562683,4.8942991270450875e-05,0.03675638139247894,0.024730948731303215,0.08934368193149567,0.0,0.0,0.0007404047646559775,0.00050827003342548,,,
1070,True,,,,,0.0,,,,,,0.0036797381471842527,0.05976274982094765,5.784518725704402e-05,0.030515627935528755,0.01993722841143608,0.08934640884399414,0.0,0.0,0.000750754086766392,0.0005075588053694381,,,
1071,True,,,,,0.0,,,,,,0.002006729831919074,0.044061291962862015,2.801409391395282e-05,0.01959705911576748,0.012276699766516685,0.08934938162565231,0.0,0.0,0.0005641604075208306,0.00050684768426706,,,
1072,True,,,,,0.0,,,,,,0.005852907430380583,0.05256045237183571,3.8063280953792855e-05,0.04481973871588707,0.03279823064804077,0.08935225754976273,0.0,0.0,0.002277258550748229,0.0005061366719104017,,,
1073,True,,,,,0.0,,,,,,0.004003757610917091,0.05082550644874573,3.4218413929920644e-05,0.03345362842082977,0.023456651717424393,0.0893559381365776,0.0,0.0,0.0007046874961815774,0.0005054257700912455,,,
1074,True,,,,,0.0,,,,,,0.0037927143275737762,0.04691341519355774,7.773694233037531e-05,0.03387648984789848,0.024459965527057648,0.08935996145009995,0.0,0.0,0.0008284440846182406,0.000504714980601095,,,
1075,True,,,,,0.0,,,,,,0.0034498032182455063,0.04808713123202324,3.9607792132301256e-05,0.031325194984674454,0.022153235971927643,0.08936404436826706,0.0,0.0,0.0006740286480635405,0.0005040043052311707,,,
1076,True,,,,,0.0,,,,,,0.0037829577922821045,0.05891413241624832,7.274515519384295e-05,0.03428155556321144,0.02367713302373886,0.08936789631843567,0.0,0.0,0.0006600804626941681,0.0005032937457724053,,,
1077,True,,,,,0.0,,,,,,0.003758443985134363,0.050115883350372314,4.3750602344516665e-05,0.03452322632074356,0.024837609380483627,0.08937131613492966,0.0,0.0,0.0007942941738292575,0.0005025833040154403,,,
1078,True,,,,,0.0,,,,,,0.0034262635745108128,0.05606713145971298,5.891901673749089e-05,0.034513093531131744,0.024556903168559074,0.08937520533800125,0.0,0.0,0.0006639488856308162,0.0005018729817506196,,,
1079,True,,,,,0.0,,,,,,0.0024491366930305958,0.04039514809846878,2.854224294424057e-05,0.022564301267266273,0.015167591162025928,0.08937889337539673,0.0,0.0,0.000600644329097122,0.0005011627807679862,,,
1080,True,,,,,0.0,,,,,,0.00433924188837409,0.05819716304540634,3.9343351090792567e-05,0.03942732512950897,0.02835487201809883,0.08938255906105042,0.0,0.0,0.0007155329803936183,0.0005004527028572777,,,
1081,True,,,,,0.0,,,,,,0.003626772901043296,0.04992322996258736,3.6104469472775236e-05,0.028917808085680008,0.01938680186867714,0.08938564360141754,0.0,0.0,0.0006254764157347381,0.0004997427498079215,,,
1082,True,,,,,0.0,,,,,,0.0015097481664270163,0.031028876081109047,8.461091056233272e-05,0.014501906000077724,0.008953078649938107,0.0893886461853981,0.0,0.0,0.00047489069402217865,0.0004990329234090301,,,
1083,True,,,,,0.0,,,,,,0.003341425210237503,0.047037266194820404,4.0824157622409984e-05,0.029386436566710472,0.020426958799362183,0.08939147740602493,0.0,0.0,0.0007294550887309015,0.0004983232254493973,,,
1084,True,,,,,0.0,,,,,,0.0026028594002127647,0.044333092868328094,7.664315489819273e-05,0.024626802653074265,0.016658371314406395,0.08939411491155624,0.0,0.0,0.0006762373959645629,0.0004976136577174927,,,
1085,True,,,,,0.0,,,,,,0.004533793777227402,0.052550993859767914,4.300210275687277e-05,0.04276592656970024,0.03206156566739082,0.08939667046070099,0.0,0.0,0.0007631226326338947,0.0004969042220014582,,,
1086,True,,,,,0.0,,,,,,0.002039087936282158,0.04210561513900757,6.54765754006803e-05,0.023179609328508377,0.016003228724002838,0.0893993228673935,0.0,0.0,0.0005066837184131145,0.0004961949200891025,,,
1087,True,,,,,0.0,,,,,,0.004268110729753971,0.05990014597773552,2.9757258744211867e-05,0.041461434215307236,0.03029440902173519,0.08940204232931137,0.0,0.0,0.0007290785433724523,0.0004954857537678975,,,
1088,True,,,,,0.0,,,,,,0.003645913675427437,0.054414864629507065,3.971641854150221e-05,0.02921290695667267,0.019211597740650177,0.08940505981445312,0.0,0.0,0.000788515608292073,0.0004947767248249734,,,
1089,True,,,,,0.0,,,,,,0.0031580699142068624,0.035860415548086166,3.512464900268242e-05,0.02489481493830681,0.017239058390259743,0.08940833061933517,0.0,0.0,0.0007696104585193098,0.0004940678350471141,,,
1090,True,,,,,0.0,,,,,,0.004516770597547293,0.05441117659211159,7.682681462028995e-05,0.03907907381653786,0.02818864956498146,0.08941204845905304,0.0,0.0,0.0007895763264968991,0.0004933590862207526,,,
1091,True,,,,,0.0,,,,,,0.0062186564318835735,0.06828330457210541,3.983347414759919e-05,0.05608110874891281,0.04212004691362381,0.0894157886505127,0.0,0.0,0.0010780737502500415,0.000492650480131967,,,
1092,True,,,,,0.0,,,,,,0.0030761021189391613,0.05256576091051102,7.21050237189047e-05,0.028507819399237633,0.019244885072112083,0.08942040801048279,0.0,0.0,0.0006353614153340459,0.0004919420185664756,,,
1093,True,,,,,0.0,,,,,,0.004735985305160284,0.051582396030426025,4.2848325392697006e-05,0.03606460243463516,0.02525470405817032,0.08942493796348572,0.0,0.0,0.0007661543786525726,0.0004912337033096326,,,
1094,True,,,,,0.0,,,,,,0.006562286987900734,0.0711880475282669,5.8524892665445805e-05,0.05686512961983681,0.04226048290729523,0.08942928165197372,0.0,0.0,0.0007889533299021423,0.0004905255361464233,,,
1095,True,,,,,0.0,,,,,,0.005408174358308315,0.0710357278585434,2.835032319126185e-05,0.04718905687332153,0.033768799155950546,0.0894337072968483,0.0,0.0,0.000809882883913815,0.0004898175188614596,,,
1096,True,,,,,0.0,,,,,,0.002757528331130743,0.05128621309995651,3.905602352460846e-05,0.02743707038462162,0.01863701082766056,0.08943799138069153,0.0,0.0,0.0006069601513445377,0.0004891096532389762,,,
1097,True,,,,,0.0,,,,,,0.0019732131622731686,0.03596706688404083,3.58408760803286e-05,0.019433505833148956,0.012951245531439781,0.0894419401884079,0.0,0.0,0.0006067081121727824,0.0004884019410628254,,,
1098,True,,,,,0.0,,,,,,0.0033094282262027264,0.04784431681036949,7.698188710492104e-05,0.029783328995108604,0.020756522193551064,0.08944551646709442,0.0,0.0,0.0007614342030137777,0.00048769438411647284,,,
1099,True,,,,,0.0,,,,,,0.0028380784206092358,0.05584321916103363,3.9906244637677446e-05,0.027611475437879562,0.01827462948858738,0.08944900333881378,0.0,0.0,0.000612787262070924,0.0004869869841829927,,,
1100,True,,,,,0.0,,,,,,0.004594622179865837,0.06486978381872177,7.257298420881853e-05,0.04170132800936699,0.029688917100429535,0.08945251256227493,0.0,0.0,0.0008421059465035796,0.00048627974304506417,0.00036095592647545505,0.0007032641862308694,2.449107443763518e-05
1101,True,,,,,0.0,,,,,,0.0039833346381783485,0.05046483129262924,4.54668297606986e-05,0.032747533172369,0.022800417616963387,0.08945661038160324,0.0,0.0,0.0008162763551808894,0.00048557266248496514,,,
1102,True,,,,,0.0,,,,,,0.005516231991350651,0.06881801038980484,6.0107144236098975e-05,0.05696940794587135,0.043646715581417084,0.08946067839860916,0.0,0.0,0.0011358857154846191,0.00048486574428456986,,,
1103,True,,,,,0.0,,,,,,0.0021527421195060015,0.04344119131565094,2.9098209779476747e-05,0.01989377662539482,0.012487710453569889,0.08946536481380463,0.0,0.0,0.0005289989640004933,0.00048415899022534307,,,
1104,True,,,,,0.0,,,,,,0.008246837183833122,0.05857301130890846,3.970509715145454e-05,0.06394758075475693,0.048928890377283096,0.08946970850229263,0.0,0.0,0.0007973489118739963,0.00048345240208833576,,,
1105,True,,,,,0.0,,,,,,0.0023268398363143206,0.03648602217435837,3.656277840491384e-05,0.019155379384756088,0.012266917154192924,0.08947388827800751,0.0,0.0,0.00047776958672329783,0.00048274598165418093,,,
1106,True,,,,,0.0,,,,,,0.0036068353801965714,0.04445253312587738,8.838430949253961e-05,0.029738932847976685,0.020747875794768333,0.08947771042585373,0.0,0.0,0.0007993217441253364,0.00048203973070308893,,,
1107,True,,,,,0.0,,,,,,0.0062680933624506,0.05737056955695152,4.7344714403152466e-05,0.04966755956411362,0.036743924021720886,0.08948154747486115,0.0,0.0,0.0007523598615080118,0.0004813336510148431,,,
1108,True,,,,,0.0,,,,,,0.0033999979496002197,0.060742996633052826,7.199635729193687e-05,0.034450776875019073,0.024045629426836967,0.0894850492477417,0.0,0.0,0.0006712013855576515,0.000480627744368795,,,
1109,True,,,,,0.0,,,,,,0.004954702220857143,0.056625980883836746,4.29200881626457e-05,0.04020518809556961,0.028671544045209885,0.08948817104101181,0.0,0.0,0.000650005298666656,0.0004799220125438599,,,
1110,True,,,,,0.0,,,,,,0.0032653366215527058,0.03873293101787567,5.884238635189831e-05,0.02681647427380085,0.01875351183116436,0.089491106569767,0.0,0.0,0.0007524403627030551,0.00047921645731851327,,,
1111,True,,,,,0.0,,,,,,0.004761018790304661,0.05947261303663254,2.7882924769073725e-05,0.03999049589037895,0.02837333455681801,0.08949394524097443,0.0,0.0,0.0008064190624281764,0.00047851108047078486,,,
1112,True,,,,,0.0,,,,,,0.003938708454370499,0.04369806498289108,3.9392914914060384e-05,0.03286939114332199,0.023646216839551926,0.08949650079011917,0.0,0.0,0.0006751680630259216,0.00047780588377825553,,,
1113,True,,,,,0.0,,,,,,0.002719637705013156,0.05178210139274597,3.513819683576003e-05,0.023350559175014496,0.014540149830281734,0.08949921280145645,0.0,0.0,0.0005367494886741042,0.00047710086901805093,,,
1114,True,,,,,0.0,,,,,,0.0035321468021720648,0.04799622297286987,7.770457159494981e-05,0.03384504094719887,0.024579398334026337,0.08950189501047134,0.0,0.0,0.000805634364951402,0.0004763960379668396,,,
1115,True,,,,,0.0,,,,,,0.003005904844030738,0.041649624705314636,4.0544218791183084e-05,0.02663762867450714,0.01855143904685974,0.08950495719909668,0.0,0.0,0.0008179218857549131,0.0004756913924008265,,,
1116,True,,,,,0.0,,,,,,0.005011748522520065,0.06403553485870361,7.428859680658206e-05,0.042565010488033295,0.030217479914426804,0.08950812369585037,0.0,0.0,0.0007895873859524727,0.0004749869340957492,,,
1117,True,,,,,0.0,,,,,,0.0056535303592681885,0.062044836580753326,4.305933180148713e-05,0.04972020164132118,0.03694554418325424,0.08951129764318466,0.0,0.0,0.0008881496614776552,0.0004742826648268733,,,
1118,True,,,,,0.0,,,,,,0.0040413811802864075,0.05797789245843887,6.059972656657919e-05,0.035003188997507095,0.024238575249910355,0.08951441943645477,0.0,0.0,0.0006825527525506914,0.0004735785863689882,,,
1119,True,,,,,0.0,,,,,,0.0021217919420450926,0.04414542391896248,2.8880711397505365e-05,0.020014552399516106,0.012568601407110691,0.08951756358146667,0.0,0.0,0.0006826742901466787,0.00047287470049640223,,,
1120,True,,,,,0.0,,,,,,0.0051354761235415936,0.06007256358861923,4.0494582208339125e-05,0.04183749482035637,0.029779307544231415,0.08952045440673828,0.0,0.0,0.0009594205766916275,0.000472171008982939,,,
1121,True,,,,,0.0,,,,,,0.004478338174521923,0.053161077201366425,3.733975609065965e-05,0.036593738943338394,0.025885386392474174,0.08952359110116959,0.0,0.0,0.0007903515361249447,0.0004714675136019312,,,
1122,True,,,,,0.0,,,,,,0.002519205678254366,0.05289904400706291,8.369635179406032e-05,0.02500252239406109,0.016256291419267654,0.08952727168798447,0.0,0.0,0.000679558957926929,0.00047076421612621814,,,
1123,True,,,,,0.0,,,,,,0.0024940837174654007,0.0413595587015152,4.0945269574876875e-05,0.022224191576242447,0.014678370207548141,0.08953090757131577,0.0,0.0,0.0006752418703399599,0.0004700611183281402,,,
1124,True,,,,,0.0,,,,,,0.002290028613060713,0.047389864921569824,7.102970266714692e-05,0.020985707640647888,0.013025833293795586,0.0895344614982605,0.0,0.0,0.0005771606229245663,0.0004693582219795347,,,
1125,True,,,,,0.0,,,,,,0.003596646711230278,0.042811524122953415,4.2475832742638886e-05,0.029485806822776794,0.020691389217972755,0.0895380899310112,0.0,0.0,0.000750979408621788,0.0004686555288517309,,,
1126,True,,,,,0.0,,,,,,0.0018637599423527718,0.04109610617160797,5.8672361774370074e-05,0.018302880227565765,0.011404749937355518,0.08954232931137085,0.0,0.0,0.0005692975828424096,0.00046795304071554623,,,
1127,True,,,,,0.0,,,,,,0.004051096737384796,0.048799216747283936,2.7666228561429307e-05,0.03247974440455437,0.022639431059360504,0.0895463228225708,0.0,0.0,0.0007417585584335029,0.0004672507593412815,,,
1128,True,,,,,0.0,,,,,,0.0031172705348581076,0.055199045687913895,3.847083280561492e-05,0.02898784540593624,0.019435932859778404,0.0895502120256424,0.0,0.0,0.000803900184109807,0.0004665486864987164,,,
1129,True,,,,,0.0,,,,,,0.008974810130894184,0.08597803860902786,3.4098145988537e-05,0.06159728392958641,0.043112076818943024,0.08955401182174683,0.0,0.0,0.0009227033006027341,0.0004658468239571052,,,
1130,True,,,,,0.0,,,,,,0.004061960149556398,0.05058473348617554,7.698748959228396e-05,0.034256163984537125,0.024201657623052597,0.08955768495798111,0.0,0.0,0.0008355334866791964,0.00046514517348517206,,,
1131,True,,,,,0.0,,,,,,0.005841230507940054,0.06357230246067047,4.656182863982394e-05,0.04536249116063118,0.032245129346847534,0.08956184983253479,0.0,0.0,0.0009199976921081543,0.00046444373685110686,,,
1132,True,,,,,0.0,,,,,,0.004190648440271616,0.05469145625829697,7.352831744356081e-05,0.0394165962934494,0.028824377804994583,0.08956611901521683,0.0,0.0,0.0007825226057320833,0.00046374251582256056,,,
1133,True,,,,,0.0,,,,,,0.0031354594975709915,0.04759179428219795,5.1499533583410084e-05,0.028509536758065224,0.019693445414304733,0.08957034349441528,0.0,0.0,0.0006038891151547432,0.0004630415121666407,,,
1134,True,,,,,0.0,,,,,,0.0027288515120744705,0.04303792864084244,6.202155782375485e-05,0.02388068474829197,0.01592128537595272,0.0895744189620018,0.0,0.0,0.0009711018647067249,0.0004623407276499072,,,
1135,True,,,,,0.0,,,,,,0.0025236872024834156,0.04512950778007507,3.6663612263510004e-05,0.02445647120475769,0.016505718231201172,0.08957838267087936,0.0,0.0,0.0005015212809666991,0.0004616401640383677,,,
1136,True,,,,,0.0,,,,,,0.0032505705021321774,0.057537417858839035,4.112213719054125e-05,0.0325181782245636,0.022597486153244972,0.08958204835653305,0.0,0.0,0.0006904061301611364,0.00046093982309747283,,,
1137,True,,,,,0.0,,,,,,0.0027830812614411116,0.041024692356586456,3.4815340768545866e-05,0.02501477114856243,0.01721595786511898,0.08958543092012405,0.0,0.0,0.0005769275012426078,0.00046023970659211244,,,
1138,True,,,,,0.0,,,,,,0.003155370242893696,0.03822484612464905,8.51114746183157e-05,0.026671146973967552,0.018754849210381508,0.08958861231803894,0.0,0.0,0.0006412926595658064,0.0004595398162866109,,,
1139,True,,,,,0.0,,,,,,0.0026869745925068855,0.05098746716976166,4.1746381612028927e-05,0.023212773725390434,0.014510264620184898,0.0895916074514389,0.0,0.0,0.0006525935023091733,0.00045884015394472233,,,
1140,True,,,,,0.0,,,,,,0.0022498583421111107,0.05099157243967056,7.44553399272263e-05,0.02064843475818634,0.012366246432065964,0.0895945206284523,0.0,0.0,0.0005141323199495673,0.000458140721329626,,,
1141,True,,,,,0.0,,,,,,0.0042077298276126385,0.058027204126119614,4.243787407176569e-05,0.03449704498052597,0.02356940321624279,0.08959739655256271,0.0,0.0,0.0007340238080359995,0.00045744152020392296,,,
1142,True,,,,,0.0,,,,,,0.00403507798910141,0.05651186406612396,5.753454752266407e-05,0.0349954292178154,0.024384398013353348,0.08959997445344925,0.0,0.0,0.0006054731202311814,0.0004567425523296305,,,
1143,True,,,,,0.0,,,,,,0.002996311988681555,0.040110643953084946,2.7901976864086464e-05,0.028056124225258827,0.020138774067163467,0.08960239589214325,0.0,0.0,0.0006853034719824791,0.0004560438194681782,,,
1144,True,,,,,0.0,,,,,,0.004945365246385336,0.068046435713768,3.851383735309355e-05,0.04383978620171547,0.031174471601843834,0.08960486948490143,0.0,0.0,0.0008007654687389731,0.00045534532338040336,,,
1145,True,,,,,0.0,,,,,,0.0024719987995922565,0.036660756915807724,3.448973802733235e-05,0.022311726585030556,0.015260331332683563,0.08960755169391632,0.0,0.0,0.0006092251860536635,0.0004546470658265466,,,
1146,True,,,,,0.0,,,,,,0.002042272826656699,0.05031086504459381,7.62875861255452e-05,0.021663939580321312,0.01365633588284254,0.0896100401878357,0.0,0.0,0.0005498904502019286,0.00045394904856624753,,,
1147,True,,,,,0.0,,,,,,0.0033566642086952925,0.055651918053627014,3.912522879545577e-05,0.03129049763083458,0.021452955901622772,0.08961237967014313,0.0,0.0,0.0006670780130662024,0.0004532512733585401,,,
1148,True,,,,,0.0,,,,,,0.0025215349160134792,0.047884441912174225,7.442218338837847e-05,0.024826964363455772,0.016583627089858055,0.08961465954780579,0.0,0.0,0.000601373496465385,0.00045255374196184815,,,
1149,True,,,,,0.0,,,,,,0.002101707272231579,0.0419868528842926,4.039867781102657e-05,0.02118694968521595,0.013970188796520233,0.08961687237024307,0.0,0.0,0.0005734431324526668,0.00045185645613398143,,,
1150,True,,,,,0.0,,,,,,0.00546226417645812,0.06689231097698212,6.198824848979712e-05,0.0429314449429512,0.029852764680981636,0.08961907774209976,0.0,0.0,0.000717023853212595,0.0004511594176321305,,,
1151,True,,,,,0.0,,,,,,0.003708392847329378,0.059950560331344604,2.9436003387672827e-05,0.032267309725284576,0.02165292762219906,0.08962137252092361,0.0,0.0,0.0006835050880908966,0.00045046262821286324,,,
1152,True,,,,,0.0,,,,,,0.0020417580381035805,0.03542386740446091,3.9922320866025984e-05,0.017195241525769234,0.010694902390241623,0.08962315320968628,0.0,0.0,0.0005466121947392821,0.00044976608963211883,,,
1153,True,,,,,0.0,,,,,,0.00512642553076148,0.07157532870769501,3.575298615032807e-05,0.05164046213030815,0.038442377001047134,0.08962491899728775,0.0,0.0,0.0009383679716847837,0.0004490698036452052,,,
1154,True,,,,,0.0,,,,,,0.00552715640515089,0.06609192490577698,7.752601231914014e-05,0.0490410253405571,0.03596964105963707,0.08962714672088623,0.0,0.0,0.0008704615756869316,0.0004483737720067935,,,
1155,True,,,,,0.0,,,,,,0.0014024933334439993,0.03427448868751526,3.8924801629036665e-05,0.014894024468958378,0.009148325771093369,0.08962949365377426,0.0,0.0,0.00043372405343689024,0.00044767799647091387,,,
1156,True,,,,,0.0,,,,,,0.003695325693115592,0.05446554720401764,7.306670158868656e-05,0.03455008193850517,0.024475354701280594,0.08963174372911453,0.0,0.0,0.0005745604285039008,0.0004469824787909509,,,
1157,True,,,,,0.0,,,,,,0.003458114108070731,0.04616180807352066,4.232271749060601e-05,0.02923935279250145,0.020247556269168854,0.08963408321142197,0.0,0.0,0.0007442249916493893,0.00044628722071963947,,,
1158,True,,,,,0.0,,,,,,0.004061869811266661,0.05439034104347229,6.203663360793144e-05,0.03333503380417824,0.022906742990016937,0.08963683247566223,0.0,0.0,0.0006476732087321579,0.0004455922240090603,,,
1159,True,,,,,0.0,,,,,,0.0035966895520687103,0.05370126664638519,2.8846970963058993e-05,0.033891964703798294,0.02401432953774929,0.08963952958583832,0.0,0.0,0.0007081800140440464,0.00044489749041063575,,,
1160,True,,,,,0.0,,,,,,0.0020861809607595205,0.040544912219047546,4.027349132229574e-05,0.020245365798473358,0.013188133016228676,0.08964243531227112,0.0,0.0,0.0004997356445528567,0.00044420302167512437,,,
1161,True,,,,,0.0,,,,,,0.002803018083795905,0.03796836733818054,3.8492427847813815e-05,0.024035610258579254,0.016520056873559952,0.08964516222476959,0.0,0.0,0.0006479627336375415,0.000443508819552618,,,
1162,True,,,,,0.0,,,,,,0.0015082041500136256,0.032308321446180344,8.407860150327906e-05,0.01475975476205349,0.009082200936973095,0.0896477922797203,0.0,0.0,0.0006353941862471402,0.00044281488579253614,,,
1163,True,,,,,0.0,,,,,,0.005378482397645712,0.06354247033596039,3.9970029320102185e-05,0.04527721554040909,0.03262799233198166,0.08965088427066803,0.0,0.0,0.0007711926009505987,0.00044212122214362247,,,
1164,True,,,,,0.0,,,,,,0.0015527330106124282,0.03585237264633179,7.622466364409775e-05,0.016873730346560478,0.010801106691360474,0.08965407311916351,0.0,0.0,0.0005248043453320861,0.0004414278303539392,,,
1165,True,,,,,0.0,,,,,,0.003352041356265545,0.04889526218175888,4.175394133199006e-05,0.02419532649219036,0.015036311000585556,0.08965713530778885,0.0,0.0,0.0006871236837469041,0.00044073471217086414,,,
1166,True,,,,,0.0,,,,,,0.0024279190693050623,0.0597115159034729,6.20310747763142e-05,0.026012403890490532,0.016685716807842255,0.08966014534235,0.0,0.0,0.0006688867579214275,0.00044004186934108546,,,
1167,True,,,,,0.0,,,,,,0.003029764164239168,0.046753931790590286,2.8596401534741744e-05,0.02204347588121891,0.013427389785647392,0.08966303616762161,0.0,0.0,0.0007322041201405227,0.00043934930361059756,,,
1168,True,,,,,0.0,,,,,,0.0012216115137562156,0.026716463267803192,3.9639904571231455e-05,0.011953677050769329,0.007143940776586533,0.08966577053070068,0.0,0.0,0.0004091947921551764,0.0004386570167246957,,,
1169,True,,,,,0.0,,,,,,0.002259764587506652,0.036124493926763535,3.753749479074031e-05,0.020024923607707024,0.013237256556749344,0.08966828882694244,0.0,0.0,0.000581366999540478,0.00043796501042797344,,,
1170,True,,,,,0.0,,,,,,0.0033698200713843107,0.04818926006555557,8.368139242520556e-05,0.02816932275891304,0.019042033702135086,0.08967044204473495,0.0,0.0,0.0007945740362629294,0.00043727328646431696,,,
1171,True,,,,,0.0,,,,,,0.0035047088749706745,0.050401002168655396,4.0835700929164886e-05,0.028755951672792435,0.019293995574116707,0.0896729901432991,0.0,0.0,0.0006028058123774827,0.0004365818465769006,,,
1172,True,,,,,0.0,,,,,,0.004581090062856674,0.044460032135248184,7.26336584193632e-05,0.036115020513534546,0.026154855266213417,0.08967544138431549,0.0,0.0,0.0007858870667405427,0.00043589069250818326,,,
1173,True,,,,,0.0,,,,,,0.005819305777549744,0.06707236915826797,4.1772676922846586e-05,0.046469319611787796,0.0330251082777977,0.08967803418636322,0.0,0.0,0.0007321981247514486,0.0004351998259999032,,,
1174,True,,,,,0.0,,,,,,0.003462249878793955,0.05513244867324829,5.826103006256744e-05,0.028078358620405197,0.01817692629992962,0.0896807610988617,0.0,0.0,0.0006004509632475674,0.0004345092487930744,,,
1175,True,,,,,0.0,,,,,,0.003071548417210579,0.0483129508793354,2.6847115805139765e-05,0.026841599494218826,0.01802849769592285,0.08968347311019897,0.0,0.0,0.0006506498320959508,0.0004338189626279814,,,
1176,True,,,,,0.0,,,,,,0.004823232535272837,0.052601199597120285,3.884713805746287e-05,0.04119321331381798,0.030193574726581573,0.08968610316514969,0.0,0.0,0.0008344306843355298,0.00043312896924417555,,,
1177,True,,,,,0.0,,,,,,0.0021943103056401014,0.04728100448846817,3.604375524446368e-05,0.022246498614549637,0.014409175142645836,0.08968894928693771,0.0,0.0,0.0005046856822445989,0.00043243927038047025,,,
1178,True,,,,,0.0,,,,,,0.0017340610502287745,0.03660297393798828,8.260329923359677e-05,0.016042498871684074,0.009709922596812248,0.089691661298275,0.0,0.0,0.0004447313549462706,0.00043174986777493686,,,
1179,True,,,,,0.0,,,,,,0.0027252647560089827,0.041148293763399124,4.584209091262892e-05,0.024500926956534386,0.016740970313549042,0.08969426155090332,0.0,0.0,0.000651669513899833,0.00043106076316489986,,,
1180,True,,,,,0.0,,,,,,0.004012062214314938,0.04796532541513443,7.515535980928689e-05,0.03444038704037666,0.02469724789261818,0.08969683945178986,0.0,0.0,0.000759655493311584,0.0004303719582869332,,,
1181,True,,,,,0.0,,,,,,0.0039899214170873165,0.037968959659338,4.21211589127779e-05,0.03209414705634117,0.02338927611708641,0.08969952911138535,0.0,0.0,0.0008334527956321836,0.000429683454876855,,,
1182,True,,,,,0.0,,,,,,0.006871853023767471,0.07185850292444229,5.8128644013777375e-05,0.05061839148402214,0.0356345996260643,0.089702308177948,0.0,0.0,0.0008346522226929665,0.0004289952546697242,,,
1183,True,,,,,0.0,,,,,,0.004560973960906267,0.059769466519355774,2.8652153559960425e-05,0.03720688074827194,0.025757580995559692,0.0897051990032196,0.0,0.0,0.0007707755430601537,0.00042830735939983525,,,
1184,True,,,,,0.0,,,,,,0.0013466635718941689,0.04752974957227707,3.9331367588602006e-05,0.014430815353989601,0.007414432242512703,0.08970785140991211,0.0,0.0,0.0005076315719634295,0.000427619770800714,,,
1185,True,,,,,0.0,,,,,,0.0038987293373793364,0.05178529769182205,3.6541314329952e-05,0.034175384789705276,0.024182751774787903,0.08971035480499268,0.0,0.0,0.0007697828696109354,0.0004269324906051141,,,
1186,True,,,,,0.0,,,,,,0.0036486207973212004,0.057367101311683655,8.408619032707065e-05,0.030965719372034073,0.02064121514558792,0.08971311897039413,0.0,0.0,0.0007652895292267203,0.0004262455205450115,,,
1187,True,,,,,0.0,,,,,,0.00539111252874136,0.06685018539428711,4.0201884985435754e-05,0.04571634531021118,0.03272295743227005,0.08971542119979858,0.0,0.0,0.0008119146223179996,0.0004255588623516008,,,
1188,True,,,,,0.0,,,,,,0.003510185517370701,0.053456299006938934,7.324286707444116e-05,0.03084704466164112,0.021057428792119026,0.08971776813268661,0.0,0.0,0.0006366897723637521,0.00042487251775529054,,,
1189,True,,,,,0.0,,,,,,0.003160286694765091,0.04934009909629822,4.2897674575215206e-05,0.02673671394586563,0.017723767086863518,0.08972005546092987,0.0,0.0,0.0006122376071289182,0.00042418648848569906,,,
1190,True,,,,,0.0,,,,,,0.008186412043869495,0.07240662723779678,5.891931868973188e-05,0.055653393268585205,0.03929963707923889,0.08972213417291641,0.0,0.0,0.0008731629932299256,0.0004235007762716505,,,
1191,True,,,,,0.0,,,,,,0.0022676088847219944,0.04249737411737442,2.9594179068226367e-05,0.021375326439738274,0.01394594181329012,0.08972422033548355,0.0,0.0,0.0005632792017422616,0.0004228153828411689,,,
1192,True,,,,,0.0,,,,,,0.0035471550654619932,0.049629271030426025,3.948929224861786e-05,0.03635730966925621,0.026930220425128937,0.08972610533237457,0.0,0.0,0.0008078020764514804,0.00042213030992147596,,,
1193,True,,,,,0.0,,,,,,0.001068701851181686,0.0352727472782135,3.571369597921148e-05,0.012987926602363586,0.007476812228560448,0.08972804993391037,0.0,0.0,0.0005531012429855764,0.0004214455592389854,,,
1194,True,,,,,0.0,,,,,,0.0025308309122920036,0.047343552112579346,7.863633072702214e-05,0.02394644170999527,0.015744635835289955,0.08973005414009094,0.0,0.0,0.0005685833748430014,0.00042076113251929905,,,
1195,True,,,,,0.0,,,,,,0.006102690007537603,0.06508975476026535,4.018320396426134e-05,0.048131491988897324,0.03460241109132767,0.0897321030497551,0.0,0.0,0.0009186390088871121,0.00042007703148720166,,,
1196,True,,,,,0.0,,,,,,0.00270653935149312,0.04880683124065399,7.399474270641804e-05,0.025184283033013344,0.0166627187281847,0.08973441272974014,0.0,0.0,0.0005845528794452548,0.0004193932578666578,,,
1197,True,,,,,0.0,,,,,,0.0037097763270139694,0.04835554584860802,4.2387993744341657e-05,0.03145293891429901,0.021989047527313232,0.089736707508564,0.0,0.0,0.0006174560403451324,0.00041870981338080706,,,
1198,True,,,,,0.0,,,,,,0.001964727183803916,0.054248496890068054,5.91700772929471e-05,0.018318917602300644,0.010002365335822105,0.08973909169435501,0.0,0.0,0.0005324547528289258,0.0004180266997519593,,,
1199,True,,,,,0.0,,,,,,0.0012149475514888763,0.031785789877176285,2.8274767828406766e-05,0.013320312835276127,0.00801523681730032,0.08974122256040573,0.0,0.0,0.00048743371735326946,0.00041734391870159075,,,
1200,True,,,,,0.0,,,,,,0.004313158802688122,0.06091999262571335,3.939539601560682e-05,0.03637136518955231,0.025049075484275818,0.08974350243806839,0.0,0.0,0.0007971126469783485,0.0004166614719503392,0.0003770797710024971,0.0006348400030653334,1.4150678032966588e-05
1201,True,,,,,0.0,,,,,,0.0032601305283606052,0.04427969083189964,3.949286474380642e-05,0.028654795140028,0.020049486309289932,0.08974625915288925,0.0,0.0,0.001001184107735753,0.0004159793612180005,,,
1202,True,,,,,0.0,,,,,,0.002214804757386446,0.05072058364748955,9.187173418467864e-05,0.02283763885498047,0.014607345685362816,0.08974932134151459,0.0,0.0,0.0010915333405137062,0.00041529758822352373,,,
1203,True,,,,,0.0,,,,,,0.004604539833962917,0.052040111273527145,4.867955431109294e-05,0.03944951668381691,0.02871910110116005,0.0897522047162056,0.0,0.0,0.001043962431140244,0.00041461615468500615,,,
1204,True,,,,,0.0,,,,,,0.004323533270508051,0.05849682539701462,8.013113983906806e-05,0.036767520010471344,0.02565668895840645,0.08975497633218765,0.0,0.0,0.0007850496331229806,0.00041393506231969003,,,
1205,True,,,,,0.0,,,,,,0.0022904404904693365,0.06065591797232628,4.3936073780059814e-05,0.023505495861172676,0.014229919761419296,0.08975770324468613,0.0,0.0,0.0005990560166537762,0.0004132543128439583,,,
1206,True,,,,,0.0,,,,,,0.0027164798229932785,0.04668790102005005,6.263751856749877e-05,0.02550559490919113,0.01719139888882637,0.08976060897111893,0.0,0.0,0.0006461212760768831,0.00041257390797332896,,,
1207,True,,,,,0.0,,,,,,0.0031112278811633587,0.050986796617507935,3.0384346246137284e-05,0.026343856006860733,0.01722112111747265,0.08976355940103531,0.0,0.0,0.000671049696393311,0.000411893849422452,,,
1208,True,,,,,0.0,,,,,,0.0034498306922614574,0.05792742967605591,4.1347084334120154e-05,0.02940821647644043,0.019247304648160934,0.08976641297340393,0.0,0.0,0.0007390796090476215,0.00041121413890510494,,,
1209,True,,,,,0.0,,,,,,0.003199184313416481,0.04417673125863075,3.6339966754894704e-05,0.027158716693520546,0.01862599514424801,0.08976952731609344,0.0,0.0,0.0006437604897655547,0.00041053477813418794,,,
1210,True,,,,,0.0,,,,,,0.003770125564187765,0.07025979459285736,7.743138121441007e-05,0.03707513585686684,0.02534259483218193,0.08977214992046356,0.0,0.0,0.0006849641213193536,0.0004098557688217196,,,
1211,True,,,,,0.0,,,,,,0.002595938742160797,0.03693500906229019,3.9178547012852505e-05,0.023788385093212128,0.01658160798251629,0.08977482467889786,0.0,0.0,0.0006347802118398249,0.00040917711267883294,,,
1212,True,,,,,0.0,,,,,,0.004208463244140148,0.06558447331190109,7.308043132070452e-05,0.03441451117396355,0.02271328866481781,0.08977726101875305,0.0,0.0,0.0008380260551348329,0.0004084988114157715,,,
1213,True,,,,,0.0,,,,,,0.002394583774730563,0.04862309247255325,4.2703322833403945e-05,0.02247215248644352,0.014296110719442368,0.08977976441383362,0.0,0.0,0.0005674584535881877,0.0004078208667418837,,,
1214,True,,,,,0.0,,,,,,0.0029683434404432774,0.048064183443784714,5.744725785916671e-05,0.027665534988045692,0.01896422728896141,0.08978225290775299,0.0,0.0,0.0006929489318281412,0.0004071432803656199,,,
1215,True,,,,,0.0,,,,,,0.0064224014058709145,0.06419826298952103,2.9050806915620342e-05,0.05674443393945694,0.042989831417798996,0.0897846668958664,0.0,0.0,0.0009715292253531516,0.0004064660539945272,,,
1216,True,,,,,0.0,,,,,,0.004079143051058054,0.06401515752077103,3.9274767914321274e-05,0.03618909791111946,0.02479093335568905,0.08978702872991562,0.0,0.0,0.0007527334964834154,0.00040578918933524576,,,
1217,True,,,,,0.0,,,,,,0.005620076321065426,0.07291340827941895,3.5983521229354665e-05,0.04928448051214218,0.03545717895030975,0.08978932350873947,0.0,0.0,0.0011187451891601086,0.00040511268809350433,,,
1218,True,,,,,0.0,,,,,,0.0021160149481147528,0.035744234919548035,7.733082020422444e-05,0.019632110372185707,0.0130050890147686,0.08979176729917526,0.0,0.0,0.0005246397922746837,0.0004044365519741151,,,
1219,True,,,,,0.0,,,,,,0.004110816866159439,0.05412188172340393,3.924655175069347e-05,0.03363829851150513,0.023197729140520096,0.08979402482509613,0.0,0.0,0.000778059649746865,0.00040376078268097073,,,
1220,True,,,,,0.0,,,,,,0.0017881285166367888,0.04616789519786835,7.25318313925527e-05,0.0193216260522604,0.011982480064034462,0.08979623764753342,0.0,0.0,0.0005671581020578742,0.00040308538191703936,,,
1221,True,,,,,0.0,,,,,,0.0034286566078662872,0.05229109525680542,4.1360730392625555e-05,0.03087659180164337,0.02130015939474106,0.08979858458042145,0.0,0.0,0.0008169159991666675,0.00040241035138436075,,,
1222,True,,,,,0.0,,,,,,0.004550456535071135,0.058843616396188736,5.883372432435863e-05,0.03655165061354637,0.02518940344452858,0.08980105072259903,0.0,0.0,0.0008562051807530224,0.00040173569278404087,,,
1223,True,,,,,0.0,,,,,,0.004430052824318409,0.061590783298015594,2.909928298322484e-05,0.03433496505022049,0.02283325046300888,0.08980324119329453,0.0,0.0,0.000736774003598839,0.0004010614078162491,,,
1224,True,,,,,0.0,,,,,,0.003312434535473585,0.05543600022792816,3.915974957635626e-05,0.030172543600201607,0.02039887011051178,0.08980580419301987,0.0,0.0,0.000617237645201385,0.0004003874981802128,,,
1225,True,,,,,0.0,,,,,,0.005728540942072868,0.07313438504934311,3.5066823329543695e-05,0.05243686959147453,0.0384792760014534,0.08980822563171387,0.0,0.0,0.005403880495578051,0.0003997139655742139,,,
1226,True,,,,,0.0,,,,,,0.0046892594546079636,0.06211099773645401,8.226726640714332e-05,0.040087100118398666,0.028247486799955368,0.08981172740459442,0.0,0.0,0.0008946311427280307,0.00039904081169558393,,,
1227,True,,,,,0.0,,,,,,0.0031150165013968945,0.054499123245477676,4.0148632251657546e-05,0.02667454443871975,0.017191395163536072,0.0898146778345108,0.0,0.0,0.0005907720769755542,0.0003983680382406999,,,
1228,True,,,,,0.0,,,,,,0.0034030815586447716,0.05506597459316254,7.50839535612613e-05,0.029808135703206062,0.019962742924690247,0.08981727063655853,0.0,0.0,0.0005891452310606837,0.00039769564690498026,,,
1229,True,,,,,0.0,,,,,,0.005418011453002691,0.06117776408791542,4.1241633880417794e-05,0.04633394628763199,0.03387933969497681,0.08981979638338089,0.0,0.0,0.0008690349641256034,0.0003970236393828811,,,
1230,True,,,,,0.0,,,,,,0.0017409678548574448,0.037326812744140625,5.722239438910037e-05,0.016071487218141556,0.009671004489064217,0.08982232213020325,0.0,0.0,0.0005307538085617125,0.00039635201736789005,,,
1231,True,,,,,0.0,,,,,,0.00312735210172832,0.0608079768717289,2.882310582208447e-05,0.028669673949480057,0.018548868596553802,0.08982446789741516,0.0,0.0,0.000590293959248811,0.00039568078255252417,,,
1232,True,,,,,0.0,,,,,,0.0024230629205703735,0.04994085058569908,3.9335511246463284e-05,0.024691754952073097,0.01635667309165001,0.08982660621404648,0.0,0.0,0.0005873774061910808,0.0003950099366283243,,,
1233,True,,,,,0.0,,,,,,0.0034247394651174545,0.04024117439985275,3.612034925026819e-05,0.028107618913054466,0.019742414355278015,0.0898287296295166,0.0,0.0,0.0007362908218055964,0.00039433948128585194,,,
1234,True,,,,,0.0,,,,,,0.0032784005161374807,0.05336875468492508,7.829413516446948e-05,0.02887476608157158,0.01932203397154808,0.08983095735311508,0.0,0.0,0.0006738363881595433,0.0003936694182146834,,,
1235,True,,,,,0.0,,,,,,0.005661237984895706,0.05611468479037285,3.9803533582016826e-05,0.04522965848445892,0.03303872048854828,0.08983317762613297,0.0,0.0,0.0009117426234297454,0.00039299974910340696,,,
1236,True,,,,,0.0,,,,,,0.0019720045384019613,0.037899140268564224,7.34861969249323e-05,0.020499836653470993,0.013802817091345787,0.08983566612005234,0.0,0.0,0.0006152312271296978,0.0003923304756396182,,,
1237,True,,,,,0.0,,,,,,0.00595584511756897,0.07876702398061752,4.321068263379857e-05,0.05363118648529053,0.03887864947319031,0.0898381844162941,0.0,0.0,0.0010204745922237635,0.0003916615995099154,,,
1238,True,,,,,0.0,,,,,,0.004914339631795883,0.05498013272881508,5.745927046518773e-05,0.039523590356111526,0.02818409726023674,0.08984087407588959,0.0,0.0,0.0008167061023414135,0.00039099312239989536,,,
1239,True,,,,,0.0,,,,,,0.004518273286521435,0.05041312426328659,2.8727203243761323e-05,0.03515392541885376,0.024681538343429565,0.08984344452619553,0.0,0.0,0.0007436775485984981,0.00039032504599414986,,,
1240,True,,,,,0.0,,,,,,0.002103185746818781,0.04021769389510155,3.883308818330988e-05,0.02215590886771679,0.015113077126443386,0.08984605222940445,0.0,0.0,0.0006323902052827179,0.00038965737197626073,,,
1241,True,,,,,0.0,,,,,,0.004811662249267101,0.05337555333971977,3.582343924790621e-05,0.04363461956381798,0.032569002360105515,0.08984873443841934,0.0,0.0,0.0007677208632230759,0.00038899010202879527,,,
1242,True,,,,,0.0,,,,,,0.005315637215971947,0.056389786303043365,7.751956582069397e-05,0.03896601125597954,0.027074120938777924,0.08985137939453125,0.0,0.0,0.000869864015839994,0.000388323237833303,,,
1243,True,,,,,0.0,,,,,,0.0033546823542565107,0.04305689036846161,4.060641731484793e-05,0.029748424887657166,0.021169207990169525,0.08985409885644913,0.0,0.0,0.0006721409154124558,0.00038765678107031097,,,
1244,True,,,,,0.0,,,,,,0.0020853623282164335,0.055245496332645416,7.287529297173023e-05,0.021576782688498497,0.013031866401433945,0.08985664695501328,0.0,0.0,0.0006509454688057303,0.00038699073341931945,,,
1245,True,,,,,0.0,,,,,,0.0013502659276127815,0.03597250208258629,4.229707337799482e-05,0.015175838954746723,0.009308582171797752,0.08985922485589981,0.0,0.0,0.0004771316016558558,0.0003863250965587971,,,
1246,True,,,,,0.0,,,,,,0.0049759140238165855,0.06602926552295685,5.719379987567663e-05,0.03964090347290039,0.02713485062122345,0.08986151218414307,0.0,0.0,0.0007522882078774273,0.00038565987216617826,,,
1247,True,,,,,0.0,,,,,,0.003546646563336253,0.05919533222913742,2.8841304811066948e-05,0.028419334441423416,0.018040092661976814,0.08986406773328781,0.0,0.0,0.0007456484017893672,0.00038499506191785724,,,
1248,True,,,,,0.0,,,,,,0.002395921153947711,0.05501297488808632,3.8795544242020696e-05,0.023033633828163147,0.014218348078429699,0.08986708521842957,0.0,0.0,0.0005246251239441335,0.00038433066748918524,,,
1249,True,,,,,0.0,,,,,,0.005527636967599392,0.06220570206642151,3.355245280545205e-05,0.04652070999145508,0.03385702893137932,0.0898696705698967,0.0,0.0,0.0008282348280772567,0.0003836666905544649,,,
1250,True,,,,,0.0,,,,,,0.0028223125264048576,0.054929472506046295,7.563941471744329e-05,0.027723394334316254,0.01847158931195736,0.08987260609865189,0.0,0.0,0.0005847235443070531,0.0003830031327869471,,,
1251,True,,,,,0.0,,,,,,0.004125850275158882,0.06068085879087448,3.948306402890012e-05,0.034725915640592575,0.02361348457634449,0.08987538516521454,0.0,0.0,0.0006739279488101602,0.0003823399958588265,,,
1252,True,,,,,0.0,,,,,,0.0056685167364776134,0.06626720726490021,7.223993452498689e-05,0.05015745759010315,0.03692731633782387,0.08987830579280853,0.0,0.0,0.0009563828934915364,0.00038167728144123715,,,
1253,True,,,,,0.0,,,,,,0.0010493614245206118,0.032357748597860336,4.2128493078053e-05,0.010919338092207909,0.005714317783713341,0.08988191187381744,0.0,0.0,0.0004211149935144931,0.00038101499120424823,,,
1254,True,,,,,0.0,,,,,,0.003864419413730502,0.05713586509227753,6.351771298795938e-05,0.03339872509241104,0.022890105843544006,0.08988523483276367,0.0,0.0,0.000752223830204457,0.00038035312681685985,,,
1255,True,,,,,0.0,,,,,,0.003374684602022171,0.05635180324316025,2.9482447644113563e-05,0.03153113275766373,0.021607644855976105,0.08988839387893677,0.0,0.0,0.0007154555642046034,0.00037969168994699963,,,
1256,True,,,,,0.0,,,,,,0.005938475485891104,0.06977083534002304,3.9605693018529564e-05,0.052588071674108505,0.03875379264354706,0.08989156037569046,0.0,0.0,0.0009405547170899808,0.0003790306822615173,,,
1257,True,,,,,0.0,,,,,,0.0019305854802951217,0.044686153531074524,3.4316693927394226e-05,0.01939980313181877,0.012084493413567543,0.08989489823579788,0.0,0.0,0.0004666941240429878,0.00037837010542618064,,,
1258,True,,,,,0.0,,,,,,0.005100203678011894,0.06717408448457718,8.466493454761803e-05,0.0439554899930954,0.031196564435958862,0.08989790081977844,0.0,0.0,0.0008849613950587809,0.00037770996110567237,,,
1259,True,,,,,0.0,,,,,,0.0020213646348565817,0.04681933671236038,4.283068119548261e-05,0.020451441407203674,0.012827716767787933,0.08990104496479034,0.0,0.0,0.0005223342450335622,0.0003770502509635851,,,
1260,True,,,,,0.0,,,,,,0.003772496012970805,0.05825934559106827,7.34958375687711e-05,0.034275125712156296,0.023740913718938828,0.08990360051393509,0.0,0.0,0.0007282285369001329,0.00037639097666241717,,,
1261,True,,,,,0.0,,,,,,0.0024771373718976974,0.04322623834013939,4.5020366087555885e-05,0.021890072152018547,0.014168743044137955,0.0899057388305664,0.0,0.0,0.0005081210401840508,0.00037573213986356847,,,
1262,True,,,,,0.0,,,,,,0.002959200879558921,0.05580230802297592,5.84290646656882e-05,0.0281995739787817,0.018731851130723953,0.089907705783844,0.0,0.0,0.0006737885996699333,0.0003750737422273367,,,
1263,True,,,,,0.0,,,,,,0.002319138031452894,0.053662676364183426,3.0489483833662234e-05,0.022083749994635582,0.013484006747603416,0.08990940451622009,0.0,0.0,0.0005744058289565146,0.00037441578541291245,,,
1264,True,,,,,0.0,,,,,,0.003386643249541521,0.05360390245914459,3.988244861830026e-05,0.030823931097984314,0.021157843992114067,0.0899110957980156,0.0,0.0,0.000692688743583858,0.0003737582710783759,,,
1265,True,,,,,0.0,,,,,,0.0054665072821080685,0.07947255671024323,3.4842785680666566e-05,0.04801551252603531,0.03368519991636276,0.08991283178329468,0.0,0.0,0.0007407276425510645,0.00037310120088069145,,,
1266,True,,,,,0.0,,,,,,0.0031035887077450752,0.04150025546550751,7.79847614467144e-05,0.02550949715077877,0.017317745834589005,0.08991454541683197,0.0,0.0,0.0005551867070607841,0.00037244457647570494,,,
1267,True,,,,,0.0,,,,,,0.0039823418483138084,0.04725043475627899,4.049267590744421e-05,0.03434131294488907,0.024714522063732147,0.08991596847772598,0.0,0.0,0.000655028794426471,0.0003717883995181387,,,
1268,True,,,,,0.0,,,,,,0.0030443656723946333,0.05564698576927185,7.280442514456809e-05,0.02393316477537155,0.014388520270586014,0.0899176150560379,0.0,0.0,0.000787546974606812,0.00037113267166158706,,,
1269,True,,,,,0.0,,,,,,0.0015220794593915343,0.041106369346380234,4.2442359699634835e-05,0.016373708844184875,0.009820576757192612,0.08991944789886475,0.0,0.0,0.0005584363243542612,0.00037047739455851295,,,
1270,True,,,,,0.0,,,,,,0.00271780276671052,0.04879847168922424,5.71140662941616e-05,0.02338602766394615,0.014860609546303749,0.08992109447717667,0.0,0.0,0.0005528442561626434,0.0003698225698602432,,,
1271,True,,,,,0.0,,,,,,0.0039033673238009214,0.045010440051555634,2.9081731554470025e-05,0.03483806923031807,0.02551989071071148,0.08992268145084381,0.0,0.0,0.0007207821472547948,0.000369168199216965,,,
1272,True,,,,,0.0,,,,,,0.004374791868031025,0.06271817535161972,3.8688580389134586e-05,0.038186315447092056,0.02662111632525921,0.08992423117160797,0.0,0.0,0.0006776043446734548,0.00036851428427772036,,,
1273,True,,,,,0.0,,,,,,0.007126799784600735,0.06915605068206787,3.446226764936e-05,0.06112898886203766,0.04617009311914444,0.08992588520050049,0.0,0.0,0.000899647711776197,0.00036786082669040387,,,
1274,True,,,,,0.0,,,,,,0.0038623595610260963,0.05765093117952347,7.756173727102578e-05,0.0348188616335392,0.024253353476524353,0.08992742002010345,0.0,0.0,0.000706368766259402,0.000367207828101757,,,
1275,True,,,,,0.0,,,,,,0.002782996278256178,0.05328478291630745,3.9398168155457824e-05,0.025761837139725685,0.016731372103095055,0.0899290144443512,0.0,0.0,0.0006421133875846863,0.0003665552901573649,,,
1276,True,,,,,0.0,,,,,,0.0036302495282143354,0.05338466912508011,7.583462866023183e-05,0.0313742496073246,0.021468311548233032,0.08993035554885864,0.0,0.0,0.0007013992872089148,0.0003659032145016515,,,
1277,True,,,,,0.0,,,,,,0.0015796951483935118,0.03823075816035271,4.14497553720139e-05,0.015504736453294754,0.009181920439004898,0.08993209153413773,0.0,0.0,0.0005973252118565142,0.00036525160277787604,,,
1278,True,,,,,0.0,,,,,,0.002948672976344824,0.05534537881612778,6.39540667179972e-05,0.027383096516132355,0.017968572676181793,0.08993377536535263,0.0,0.0,0.0006153184222057462,0.00036460045662812846,,,
1279,True,,,,,0.0,,,,,,0.002457892522215843,0.05103155970573425,2.9543196433223784e-05,0.025313397869467735,0.01683822274208069,0.08993541449308395,0.0,0.0,0.0006632558070123196,0.0003639497776933256,,,
1280,True,,,,,0.0,,,,,,0.0014853458851575851,0.03081967681646347,3.926654244423844e-05,0.014120791107416153,0.008634474128484726,0.0899369865655899,0.0,0.0,0.0005381483933888376,0.0003632995676132067,,,
1281,True,,,,,0.0,,,,,,0.002872087061405182,0.04178142547607422,3.6997436836827546e-05,0.026389198377728462,0.018421083688735962,0.08993855863809586,0.0,0.0,0.0008062532870098948,0.0003626498280263295,,,
1282,True,,,,,0.0,,,,,,0.003919040318578482,0.06048744544386864,7.84613803261891e-05,0.03481375798583031,0.023907341063022614,0.089940145611763,0.0,0.0,0.0007912010187283158,0.000362000560570066,,,
1283,True,,,,,0.0,,,,,,0.002505246317014098,0.053730133920907974,4.02540281356778e-05,0.02303614467382431,0.014238339848816395,0.0899418517947197,0.0,0.0,0.0006221159128472209,0.000361351766880599,,,
1284,True,,,,,0.0,,,,,,0.002967656357213855,0.05250026285648346,7.378985174000263e-05,0.02765115723013878,0.01849714294075966,0.08994363993406296,0.0,0.0,0.0005591107765212655,0.00036070344859291637,,,
1285,True,,,,,0.0,,,,,,0.004057447426021099,0.05790919065475464,4.117859498364851e-05,0.03307352587580681,0.022305116057395935,0.08994538336992264,0.0,0.0,0.000983434496447444,0.000360055607340809,,,
1286,True,,,,,0.0,,,,,,0.0017193987732753158,0.04870133846998215,5.844954284839332e-05,0.01657765544950962,0.009059425443410873,0.08994729071855545,0.0,0.0,0.0004738881252706051,0.00035940824475686487,,,
1287,True,,,,,0.0,,,,,,0.0019602307584136724,0.04204133152961731,2.8018148441333324e-05,0.01775733008980751,0.010679465718567371,0.08994916081428528,0.0,0.0,0.00042314291931688786,0.000358761362472466,,,
1288,True,,,,,0.0,,,,,,0.004951915238052607,0.06289356201887131,3.906528218067251e-05,0.046125221997499466,0.03396490961313248,0.08995100855827332,0.0,0.0,0.0007549693691544235,0.0003581149621177839,,,
1289,True,,,,,0.0,,,,,,0.004426751285791397,0.06147070601582527,3.462944005150348e-05,0.038965266197919846,0.027474600821733475,0.08995289355516434,0.0,0.0,0.0008077379316091537,0.0003574690453217758,,,
1290,True,,,,,0.0,,,,,,0.004505971446633339,0.07075633108615875,7.880826888140291e-05,0.038502566516399384,0.02598200924694538,0.08995465934276581,0.0,0.0,0.0007142725517041981,0.0003568236137121802,,,
1291,True,,,,,0.0,,,,,,0.0019703072030097246,0.03725660592317581,4.098245335626416e-05,0.018465625122189522,0.01184960175305605,0.08995643258094788,0.0,0.0,0.0005303608486428857,0.0003561786689155132,,,
1292,True,,,,,0.0,,,,,,0.0067267101258039474,0.07252402603626251,7.415340223815292e-05,0.0567910335958004,0.041875265538692474,0.08995795994997025,0.0,0.0,0.0008827422861941159,0.00035553421255706344,,,
1293,True,,,,,0.0,,,,,,0.0018585724756121635,0.04295103996992111,4.2703322833403945e-05,0.017807306721806526,0.010732683353126049,0.08995961397886276,0.0,0.0,0.0005577738047577441,0.0003548902462608891,,,
1294,True,,,,,0.0,,,,,,0.005223995074629784,0.05268809571862221,5.9338839491829276e-05,0.046635571867227554,0.03521348536014557,0.08996140211820602,0.0,0.0,0.0009592485730536282,0.00035424677164981356,,,
1295,True,,,,,0.0,,,,,,0.002767477184534073,0.044190213084220886,3.058158836211078e-05,0.02621113695204258,0.01810971461236477,0.08996329456567764,0.0,0.0,0.0006494363187812269,0.000353603790345421,,,
1296,True,,,,,0.0,,,,,,0.0018481172155588865,0.03623884171247482,4.0282306144945323e-05,0.018636075779795647,0.01224428042769432,0.08996517956256866,0.0,0.0,0.0008013222832232714,0.00035296130396805206,,,
1297,True,,,,,0.0,,,,,,0.00260332552716136,0.04236110299825668,3.377003304194659e-05,0.02194000408053398,0.01418401300907135,0.08996713906526566,0.0,0.0,0.0005956625682301819,0.00035231931413680085,,,
1298,True,,,,,0.0,,,,,,0.0019313162192702293,0.041613902896642685,8.31371289677918e-05,0.020569048821926117,0.013535083271563053,0.08996915072202682,0.0,0.0,0.0005416444037109613,0.00035167782246950944,,,
1299,True,,,,,0.0,,,,,,0.0015202033100649714,0.032045237720012665,4.063755113747902e-05,0.01424388401210308,0.00859912857413292,0.08997099846601486,0.0,0.0,0.0004362491308711469,0.00035103683058276505,,,
1300,True,,,,,0.0,,,,,,0.004977294709533453,0.07333266735076904,7.427364471368492e-05,0.0438704639673233,0.03062303736805916,0.08997278660535812,0.0,0.0,0.0007209680625237525,0.0003503963400918951,0.00043603522520652756,0.0005411638599465762,2.7161031745433552e-05
1301,True,,,,,0.0,,,,,,0.002171575790271163,0.026778344064950943,4.229402111377567e-05,0.01782623678445816,0.012055935338139534,0.0899743139743805,0.0,0.0,0.0006647584377788007,0.0003497563526109637,,,
1302,True,,,,,0.0,,,,,,0.0045575909316539764,0.05813535675406456,6.248142017284408e-05,0.04348202049732208,0.032179899513721466,0.08997560292482376,0.0,0.0,0.0008315140730701387,0.00034911686975276727,,,
1303,True,,,,,0.0,,,,,,0.00273730861954391,0.040729932487010956,3.0208924727048725e-05,0.022064724937081337,0.014339549466967583,0.08997693657875061,0.0,0.0,0.0005376273184083402,0.0003484778931288306,,,
1304,True,,,,,0.0,,,,,,0.004550875164568424,0.07092656940221786,3.954620842705481e-05,0.04309288039803505,0.030529789626598358,0.08997826278209686,0.0,0.0,0.0008746558451093733,0.0003478394243494024,,,
1305,True,,,,,0.0,,,,,,0.004586724564433098,0.05339963734149933,3.4462751500541344e-05,0.03861529007554054,0.027771571651101112,0.08997990936040878,0.0,0.0,0.000830658886115998,0.000347201465023452,,,
1306,True,,,,,0.0,,,,,,0.00341769284568727,0.05414288863539696,8.239224553108215e-05,0.02997535839676857,0.02020236849784851,0.08998122066259384,0.0,0.0,0.0006330411415547132,0.00034656401675866493,,,
1307,True,,,,,0.0,,,,,,0.003172775497660041,0.053138092160224915,4.030819036415778e-05,0.029107991605997086,0.019701426848769188,0.08998258411884308,0.0,0.0,0.0006534700514748693,0.0003459270811614384,,,
1308,True,,,,,0.0,,,,,,0.002791990991681814,0.04402314871549606,7.03093537595123e-05,0.027132507413625717,0.019003212451934814,0.0899834856390953,0.0,0.0,0.0006344644934870303,0.000345290659836878,,,
1309,True,,,,,0.0,,,,,,0.0009643655503168702,0.03106062300503254,4.239021654939279e-05,0.011319657787680626,0.0063281892798841,0.08998453617095947,0.0,0.0,0.00039847203879617155,0.00034465475438879336,,,
1310,True,,,,,0.0,,,,,,0.0030759484507143497,0.049756646156311035,5.694712672266178e-05,0.025924427434802055,0.016944482922554016,0.08998562395572662,0.0,0.0,0.0006194331799633801,0.0003440193664196938,,,
1311,True,,,,,0.0,,,,,,0.002623101230710745,0.04822167009115219,2.941134516731836e-05,0.027689451351761818,0.019329611212015152,0.08998662233352661,0.0,0.0,0.0006756431539542973,0.0003433844975307848,,,
1312,True,,,,,0.0,,,,,,0.0071732401847839355,0.07427656650543213,3.872143861372024e-05,0.059151194989681244,0.04363105818629265,0.08998793363571167,0.0,0.0,0.0009801012929528952,0.00034275014932196393,,,
1313,True,,,,,0.0,,,,,,0.003096599131822586,0.0471983477473259,3.5259923606645316e-05,0.027645131573081017,0.018911171704530716,0.08998963236808777,0.0,0.0,0.0008578739943914115,0.000342116323391816,,,
1314,True,,,,,0.0,,,,,,0.0019873371347784996,0.03910014033317566,7.829869718989357e-05,0.017373915761709213,0.010537495836615562,0.08999177813529968,0.0,0.0,0.0005979783600196242,0.00034148302133761045,,,
1315,True,,,,,0.0,,,,,,0.005093998741358519,0.054685480892658234,4.00892058678437e-05,0.043094467371702194,0.031611938029527664,0.08999373763799667,0.0,0.0,0.0009464774047955871,0.0003408502447552957,,,
1316,True,,,,,0.0,,,,,,0.002284204587340355,0.04639966040849686,7.444430229952559e-05,0.02427627146244049,0.01641492173075676,0.08999573439359665,0.0,0.0,0.0006093071424402297,0.00034021799523949647,,,
1317,True,,,,,0.0,,,,,,0.010553907603025436,0.08736830949783325,4.374172931420617e-05,0.08998646587133408,0.06977387517690659,0.08999758958816528,0.0,0.0,0.001114208484068513,0.00033958627438350936,,,
1318,True,,,,,0.0,,,,,,0.0030751111917197704,0.04899583011865616,6.108613160904497e-05,0.026738781481981277,0.017833545804023743,0.08999990671873093,0.0,0.0,0.0007796531426720321,0.0003389550837792984,,,
1319,True,,,,,0.0,,,,,,0.0021826503798365593,0.04908307269215584,3.121794725302607e-05,0.019449204206466675,0.011442616581916809,0.09000206738710403,0.0,0.0,0.0005018016672693193,0.0003383244250174913,,,
1320,True,,,,,0.0,,,,,,0.0043405708856880665,0.056365735828876495,3.9806647691875696e-05,0.03893837332725525,0.028041284531354904,0.09000401943922043,0.0,0.0,0.0007622851990163326,0.0003376942996873758,,,
1321,True,,,,,0.0,,,,,,0.0015782959526404738,0.037902720272541046,3.633552114479244e-05,0.01523365918546915,0.008946863003075123,0.09000609815120697,0.0,0.0,0.0004987135180272162,0.00033706470937689526,,,
1322,True,,,,,0.0,,,,,,0.003250724636018276,0.054692018777132034,8.3338120020926e-05,0.02615746110677719,0.016495784744620323,0.09000805765390396,0.0,0.0,0.0005782163934782147,0.000336435655672645,,,
1323,True,,,,,0.0,,,,,,0.0016758975107222795,0.03446837514638901,4.2435443901922554e-05,0.015412014909088612,0.00936796236783266,0.09000996500253677,0.0,0.0,0.0005471635959111154,0.0003358071401598673,,,
1324,True,,,,,0.0,,,,,,0.0026025816332548857,0.04536909610033035,7.873342838138342e-05,0.023530008271336555,0.015451032668352127,0.09001176804304123,0.0,0.0,0.0005841189413331449,0.00033517916442244887,,,
1325,True,,,,,0.0,,,,,,0.0026438641361892223,0.04952482506632805,4.28067687607836e-05,0.02258909121155739,0.014071207493543625,0.09001350402832031,0.0,0.0,0.0004978671786375344,0.0003345517300429163,,,
1326,True,,,,,0.0,,,,,,0.0028636069037020206,0.04505711793899536,5.925065488554537e-05,0.025262536481022835,0.01696343906223774,0.09001526236534119,0.0,0.0,0.0006120349280536175,0.00033392483860243135,,,
1327,True,,,,,0.0,,,,,,0.002683113096281886,0.044700346887111664,2.8075912268832326e-05,0.021482860669493675,0.013415506109595299,0.0900169312953949,0.0,0.0,0.0005807294510304928,0.0003332984916807878,,,
1328,True,,,,,0.0,,,,,,0.002074603922665119,0.03945288062095642,3.976927473559044e-05,0.01819305494427681,0.01125309057533741,0.09001874178647995,0.0,0.0,0.0004592347831930965,0.0003326726908564074,,,
1329,True,,,,,0.0,,,,,,0.003823018167167902,0.04864805191755295,3.525066131260246e-05,0.03252787888050079,0.022922223433852196,0.09002041071653366,0.0,0.0,0.000783736992161721,0.0003320474377063354,,,
1330,True,,,,,0.0,,,,,,0.0022246367298066616,0.04030252993106842,7.793994154781103e-05,0.01974397711455822,0.012549897655844688,0.09002197533845901,0.0,0.0,0.0006942582549527287,0.00033142273380623734,,,
1331,True,,,,,0.0,,,,,,0.004060426261276007,0.056113842874765396,4.064566019224003e-05,0.03789329156279564,0.027300924062728882,0.09002340584993362,0.0,0.0,0.0007155535276979208,0.00033079858073039394,,,
1332,True,,,,,0.0,,,,,,0.0030558863654732704,0.04606380686163902,7.42413685657084e-05,0.024873344227671623,0.016273707151412964,0.09002505987882614,0.0,0.0,0.0005517309764400125,0.0003301749800516982,,,
1333,True,,,,,0.0,,,,,,0.00335526536218822,0.05686179921030998,4.3114006984978914e-05,0.03303363546729088,0.023070363327860832,0.09002697467803955,0.0,0.0,0.0006591131095774472,0.00032955193334165145,,,
1334,True,,,,,0.0,,,,,,0.006304698996245861,0.05792272090911865,5.74990117456764e-05,0.048776108771562576,0.035750098526477814,0.09002881497144699,0.0,0.0,0.0009542818297632039,0.00032892944217035843,,,
1335,True,,,,,0.0,,,,,,0.00529103446751833,0.053188979625701904,2.839923217834439e-05,0.040023189038038254,0.02849874645471573,0.09003089368343353,0.0,0.0,0.0007968161953613162,0.0003283075081065239,,,
1336,True,,,,,0.0,,,,,,0.0033714361488819122,0.053013503551483154,3.9884078432805836e-05,0.030824551358819008,0.02123149298131466,0.09003300964832306,0.0,0.0,0.0006173962028697133,0.00032768613271744895,,,
1337,True,,,,,0.0,,,,,,0.004616674967110157,0.05360746011137962,3.655503678601235e-05,0.04276289418339729,0.03186684474349022,0.09003504365682602,0.0,0.0,0.0008542893338017166,0.00032706531756902677,,,
1338,True,,,,,0.0,,,,,,0.0036010462790727615,0.04256853833794594,7.764680776745081e-05,0.03306852653622627,0.02427142858505249,0.0900375172495842,0.0,0.0,0.000753221451304853,0.0003264450642257385,,,
1339,True,,,,,0.0,,,,,,0.004723058547824621,0.053516753017902374,4.084142710780725e-05,0.04133123904466629,0.03033568523824215,0.09003986418247223,0.0,0.0,0.0007333094836212695,0.00032582537425064975,,,
1340,True,,,,,0.0,,,,,,0.0018105234485119581,0.042293988168239594,7.336911949096248e-05,0.018247805535793304,0.011270776391029358,0.09004224836826324,0.0,0.0,0.0004886721144430339,0.0003252062492054063,,,
1341,True,,,,,0.0,,,,,,0.003044058568775654,0.04331674799323082,4.336125130066648e-05,0.0261392705142498,0.017841413617134094,0.09004434198141098,0.0,0.0,0.0006664053071290255,0.0003245876906502305,,,
1342,True,,,,,0.0,,,,,,0.0035029216669499874,0.05455838888883591,5.857787255081348e-05,0.03202637657523155,0.02213786169886589,0.09004645049571991,0.0,0.0,0.0007146722637116909,0.0003239697001439166,,,
1343,True,,,,,0.0,,,,,,0.0024213651195168495,0.04450014978647232,2.9835555324098095e-05,0.022416627034544945,0.014629842713475227,0.09004858136177063,0.0,0.0,0.0005824263207614422,0.0003233522792438277,,,
1344,True,,,,,0.0,,,,,,0.0030514257960021496,0.043548062443733215,4.019740299554542e-05,0.026600727811455727,0.018273891881108284,0.09005056321620941,0.0,0.0,0.0007322680321522057,0.00032273542950589157,,,
1345,True,,,,,0.0,,,,,,0.0012899356661364436,0.03931847959756851,3.654020474641584e-05,0.014009672217071056,0.007869095541536808,0.0900522992014885,0.0,0.0,0.0004993484471924603,0.00032211915248459656,,,
1346,True,,,,,0.0,,,,,,0.00348190451040864,0.05124682933092117,8.300480840262026e-05,0.032003335654735565,0.022454705089330673,0.09005387127399445,0.0,0.0,0.0007598287193104625,0.0003215034497329874,,,
1347,True,,,,,0.0,,,,,,0.0018710794392973185,0.03798467665910721,4.057877231389284e-05,0.017222050577402115,0.010631656274199486,0.09005564451217651,0.0,0.0,0.0005144908791407943,0.000320888322802662,,,
1348,True,,,,,0.0,,,,,,0.0015542575856670737,0.038229893893003464,7.662419375265017e-05,0.01644829846918583,0.010132165625691414,0.09005739539861679,0.0,0.0,0.0005808373680338264,0.0003202737732437672,,,
1349,True,,,,,0.0,,,,,,0.004671640228480101,0.04555991291999817,4.3087224185001105e-05,0.03270995616912842,0.02256019040942192,0.0900590717792511,0.0,0.0,0.0006587881944142282,0.00031965980260499464,,,
1350,True,,,,,0.0,,,,,,0.0036301049403846264,0.049640633165836334,6.14701202721335e-05,0.03320005536079407,0.02367454394698143,0.09006070345640182,0.0,0.0,0.0007375798304565251,0.0003190464124335771,,,
1351,True,,,,,0.0,,,,,,0.004487185273319483,0.05661187320947647,3.08783637592569e-05,0.03250979259610176,0.02144535630941391,0.09006212651729584,0.0,0.0,0.0007090450380928814,0.0003184336042752846,,,
1352,True,,,,,0.0,,,,,,0.003555657807737589,0.04975990206003189,4.017219544039108e-05,0.03576114773750305,0.026308778673410416,0.09006344527006149,0.0,0.0,0.0007344548939727247,0.0003178213796744205,,,
1353,True,,,,,0.0,,,,,,0.0027629106771200895,0.046295393258333206,3.5020664654439315e-05,0.027774568647146225,0.019463960081338882,0.09006486088037491,0.0,0.0,0.0006450929795391858,0.00031720974017381763,,,
1354,True,,,,,0.0,,,,,,0.0017871528398245573,0.049443911761045456,7.77072855271399e-05,0.018656425178050995,0.010985367000102997,0.09006596356630325,0.0,0.0,0.0005211620591580868,0.000316598687314834,,,
1355,True,,,,,0.0,,,,,,0.0024214480072259903,0.04008198529481888,4.184827412245795e-05,0.021372521296143532,0.014021280221641064,0.09006709605455399,0.0,0.0,0.0006134535069577396,0.0003159882226373497,,,
1356,True,,,,,0.0,,,,,,0.0028000460006296635,0.04916307330131531,7.491156429750845e-05,0.02801126055419445,0.01935676857829094,0.0900682881474495,0.0,0.0,0.0006992111448198557,0.0003153783476797623,,,
1357,True,,,,,0.0,,,,,,0.0030770001467317343,0.050820209085941315,4.392679693410173e-05,0.032179031521081924,0.023097354918718338,0.0900694876909256,0.0,0.0,0.0008639320731163025,0.0003147690639789835,,,
1358,True,,,,,0.0,,,,,,0.003962480463087559,0.049102939665317535,5.8124067436438054e-05,0.03340368717908859,0.023601140826940536,0.0900709480047226,0.0,0.0,0.0008688411908224225,0.0003141603730704344,,,
1359,True,,,,,0.0,,,,,,0.003620145609602332,0.05335883051156998,2.907114685513079e-05,0.033607881516218185,0.02373659238219261,0.09007272124290466,0.0,0.0,0.000731861568056047,0.000313552276488043,,,
1360,True,,,,,0.0,,,,,,0.0018739470979198813,0.041031837463378906,3.915544948540628e-05,0.018845925107598305,0.011948468163609505,0.09007465839385986,0.0,0.0,0.0005082447314634919,0.0003129447757642392,,,
1361,True,,,,,0.0,,,,,,0.002355496399104595,0.05429931730031967,3.675197876873426e-05,0.024044562131166458,0.015339993871748447,0.09007632732391357,0.0,0.0,0.000583780521992594,0.00031233787242995146,,,
1362,True,,,,,0.0,,,,,,0.0013918926706537604,0.04180934652686119,7.770687807351351e-05,0.013795983046293259,0.007283525541424751,0.09007766842842102,0.0,0.0,0.0005028836312703788,0.0003117315680146023,,,
1363,True,,,,,0.0,,,,,,0.0017945847939699888,0.039347268640995026,4.1176972445100546e-05,0.016430823132395744,0.00978013314306736,0.09007900208234787,0.0,0.0,0.0005491753690876067,0.00031112586404610554,,,
1364,True,,,,,0.0,,,,,,0.0037257957737892866,0.055034272372722626,7.759377331240103e-05,0.03421970084309578,0.024050874635577202,0.0900803878903389,0.0,0.0,0.0009120472823269665,0.00031052076205086165,,,
1365,True,,,,,0.0,,,,,,0.003704613773152232,0.042458925396203995,4.29149586125277e-05,0.028979206457734108,0.020106421783566475,0.09008210897445679,0.0,0.0,0.0007282536244019866,0.0003099162635537541,,,
1366,True,,,,,0.0,,,,,,0.006175526417791843,0.07508807629346848,5.877832154510543e-05,0.051565129309892654,0.03695056587457657,0.09008390456438065,0.0,0.0,0.0010360489832237363,0.0003093123700781455,,,
1367,True,,,,,0.0,,,,,,0.0025866131763905287,0.04528665542602539,2.8314094379311427e-05,0.02602291665971279,0.017992623150348663,0.09008593112230301,0.0,0.0,0.000645873136818409,0.00030870908314587376,,,
1368,True,,,,,0.0,,,,,,0.0031670338939875364,0.04951940476894379,3.9420170651283115e-05,0.030135704204440117,0.021096140146255493,0.09008795022964478,0.0,0.0,0.0006735994247719646,0.00030810640427724823,,,
1369,True,,,,,0.0,,,,,,0.004200886469334364,0.06224328652024269,3.491058305371553e-05,0.04223732277750969,0.030893756076693535,0.09008995443582535,0.0,0.0,0.0009131110273301601,0.00030750433499104624,,,
1370,True,,,,,0.0,,,,,,0.0015741841634735465,0.038678646087646484,7.780089799780399e-05,0.016894064843654633,0.010512194596230984,0.0900920033454895,0.0,0.0,0.0004713395319413394,0.00030690287680450824,,,
1371,True,,,,,0.0,,,,,,0.004954345058649778,0.06326007097959518,4.036964674014598e-05,0.043107397854328156,0.030905921012163162,0.0900939553976059,0.0,0.0,0.0009227996924892068,0.00030630203123333536,,,
1372,True,,,,,0.0,,,,,,0.003835733514279127,0.061779964715242386,7.391304097836837e-05,0.03630842640995979,0.025356778874993324,0.09009616822004318,0.0,0.0,0.0008333111181855202,0.00030570179979168467,,,
1373,True,,,,,0.0,,,,,,0.0035371712874621153,0.05920691788196564,4.321497544879094e-05,0.03454310819506645,0.0241626538336277,0.09009840339422226,0.0,0.0,0.0006852926453575492,0.00030510218399216576,,,
1374,True,,,,,0.0,,,,,,0.0023936880752444267,0.03799339011311531,5.825098924105987e-05,0.019897254183888435,0.012774096801877022,0.09010041505098343,0.0,0.0,0.0005357827758416533,0.0003045031853458363,,,
1375,True,,,,,0.0,,,,,,0.003963089548051357,0.04920247569680214,2.9028922654106282e-05,0.03382144495844841,0.024022571742534637,0.09010224789381027,0.0,0.0,0.0007647864986211061,0.0003039048053621992,,,
1376,True,,,,,0.0,,,,,,0.006853102706372738,0.05805802345275879,4.103791434317827e-05,0.06298086792230606,0.04940040409564972,0.09010397642850876,0.0,0.0,0.0010901682544499636,0.0003033070455491983,,,
1377,True,,,,,0.0,,,,,,0.004927278961986303,0.05209841579198837,3.541623300407082e-05,0.04202147200703621,0.030965585261583328,0.09010572731494904,0.0,0.0,0.0009261452360078692,0.00030270990741321414,,,
1378,True,,,,,0.0,,,,,,0.002377331955358386,0.05222851037979126,7.752890087431297e-05,0.02464541792869568,0.016105394810438156,0.09010770916938782,0.0,0.0,0.0005630110972560942,0.000302113392459061,,,
1379,True,,,,,0.0,,,,,,0.0029475241899490356,0.05153338611125946,3.933045081794262e-05,0.02897065505385399,0.019949031993746758,0.09010953456163406,0.0,0.0,0.0006394732627086341,0.0003015175021899827,,,
1380,True,,,,,0.0,,,,,,0.002953828778117895,0.05511179566383362,7.142089452827349e-05,0.029088791459798813,0.01968695968389511,0.09011120349168777,0.0,0.0,0.0005971863865852356,0.00030092223810764863,,,
1381,True,,,,,0.0,,,,,,0.0034842784516513348,0.0547538697719574,4.3220206862315536e-05,0.03215017542243004,0.022267771884799004,0.0901125818490982,0.0,0.0,0.0008085094159469008,0.00030032760171215035,,,
1382,True,,,,,0.0,,,,,,0.002305408474057913,0.045632850378751755,5.848635919392109e-05,0.021929124370217323,0.014130047522485256,0.09011401981115341,0.0,0.0,0.0005471411859616637,0.0002997335945019975,,,
1383,True,,,,,0.0,,,,,,0.002974360715597868,0.061238259077072144,3.0946117476560175e-05,0.028477169573307037,0.01846235617995262,0.09011541306972504,0.0,0.0,0.0007412697304971516,0.00029914021797411417,,,
1384,True,,,,,0.0,,,,,,0.002841557841747999,0.04689667373895645,3.9866594306658953e-05,0.025824688374996185,0.017372362315654755,0.09011691063642502,0.0,0.0,0.0005654325359500945,0.0002985474736238354,,,
1385,True,,,,,0.0,,,,,,0.0021301363594830036,0.039396706968545914,3.98053161916323e-05,0.021237894892692566,0.014247000217437744,0.09011844545602798,0.0,0.0,0.0007055152673274279,0.00029795536294490235,,,
1386,True,,,,,0.0,,,,,,0.0029815263114869595,0.051164738833904266,8.384296961594373e-05,0.023820601403713226,0.014779480174183846,0.09012003988027573,0.0,0.0,0.0005711053963750601,0.00029736388742946,,,
1387,True,,,,,0.0,,,,,,0.002041927073150873,0.04186006635427475,4.016541788587347e-05,0.022668538615107536,0.015519306063652039,0.09012158215045929,0.0,0.0,0.0005794124444946647,0.00029677304856805253,,,
1388,True,,,,,0.0,,,,,,0.0024368229787796736,0.04350501298904419,7.437384192598984e-05,0.023610595613718033,0.01588485576212406,0.09012291580438614,0.0,0.0,0.000617680256254971,0.0002961828478496198,,,
1389,True,,,,,0.0,,,,,,0.00364873930811882,0.06436534970998764,4.22631528635975e-05,0.031176922842860222,0.020169273018836975,0.0901242196559906,0.0,0.0,0.0006566809606738389,0.000295593286761493,,,
1390,True,,,,,0.0,,,,,,0.003113906364887953,0.05560765415430069,6.145777297206223e-05,0.028438163921236992,0.01883150450885296,0.09012572467327118,0.0,0.0,0.0007678098627366126,0.0002950043667893921,,,
1391,True,,,,,0.0,,,,,,0.003602913348004222,0.06164160743355751,2.8450693207560107e-05,0.03372809290885925,0.023045528680086136,0.09012675285339355,0.0,0.0,0.000716609472874552,0.00029441608941742104,,,
1392,True,,,,,0.0,,,,,,0.0057054562494158745,0.059815697371959686,3.873559762723744e-05,0.045862771570682526,0.03325510025024414,0.09012778848409653,0.0,0.0,0.0008082513813860714,0.0002938284561280646,,,
1393,True,,,,,0.0,,,,,,0.002806968055665493,0.042401641607284546,3.5516459320206195e-05,0.027798602357506752,0.019832422956824303,0.09012892842292786,0.0,0.0,0.000632856972515583,0.0002932414684021842,,,
1394,True,,,,,0.0,,,,,,0.003973384853452444,0.04601309448480606,7.760177686577663e-05,0.032353516668081284,0.022838719189167023,0.09012991935014725,0.0,0.0,0.0009176639723591506,0.00029265512771901457,,,
1395,True,,,,,0.0,,,,,,0.002524034818634391,0.04531564563512802,4.0454917325405404e-05,0.023288197815418243,0.015311059542000294,0.09013120830059052,0.0,0.0,0.0007002667989581823,0.0002920694355561599,,,
1396,True,,,,,0.0,,,,,,0.0023919749073684216,0.026071909815073013,7.269416528288275e-05,0.01517548505216837,0.009238643571734428,0.09013280272483826,0.0,0.0,0.000570305623114109,0.0002914843933895901,,,
1397,True,,,,,0.0,,,,,,0.0034090024419128895,0.0473836287856102,4.32504566560965e-05,0.03131936118006706,0.022249028086662292,0.09013427793979645,0.0,0.0,0.0006922567845322192,0.00029090000269363673,,,
1398,True,,,,,0.0,,,,,,0.002969482447952032,0.04958898574113846,6.183235382195562e-05,0.027219261974096298,0.018358608707785606,0.09013568609952927,0.0,0.0,0.0005871450412087142,0.0002903162649409899,,,
1399,True,,,,,0.0,,,,,,0.003594218520447612,0.05354329198598862,2.9139864636817947e-05,0.028613364323973656,0.018748877570033073,0.09013701230287552,0.0,0.0,0.0006728364969603717,0.00028973318160269444,,,
1400,True,,,,,0.0,,,,,,0.0017410803120583296,0.04019249603152275,3.899695002473891e-05,0.018197540193796158,0.0115163279697299,0.09013844281435013,0.0,0.0,0.00048348968266509473,0.00028915075414814574,0.0002901872911621406,0.00033333856307602117,1.4198867004788484e-05
1401,True,,,,,0.0,,,,,,0.004696853458881378,0.06383797526359558,3.6534616810968146e-05,0.041267793625593185,0.029267480596899986,0.09013979882001877,0.0,0.0,0.0007739044958725572,0.00028856898404508625,,,
1402,True,,,,,0.0,,,,,,0.0018646534299477935,0.035810649394989014,8.294385042972863e-05,0.01692643202841282,0.010537832975387573,0.09014084190130234,0.0,0.0,0.0006666604895144701,0.00028798787275960213,,,
1403,True,,,,,0.0,,,,,,0.005726524628698826,0.06567317247390747,4.046725371154025e-05,0.049822598695755005,0.03660710155963898,0.09014220535755157,0.0,0.0,0.0007288525230251253,0.00028740742175611934,,,
1404,True,,,,,0.0,,,,,,0.003734415862709284,0.06484553217887878,7.557541539426893e-05,0.03413742780685425,0.022979233413934708,0.09014372527599335,0.0,0.0,0.0007646403391845524,0.00028682763249739964,,,
1405,True,,,,,0.0,,,,,,0.0020630061626434326,0.030941473320126534,4.200615148874931e-05,0.017650948837399483,0.011571339331567287,0.09014526009559631,0.0,0.0,0.0006135106086730957,0.0002862485064445372,,,
1406,True,,,,,0.0,,,,,,0.0026998370885849,0.04946565628051758,6.072947508073412e-05,0.02518589049577713,0.016607653349637985,0.09014695882797241,0.0,0.0,0.0006211719010025263,0.00028567004505695493,,,
1407,True,,,,,0.0,,,,,,0.0029052773024886847,0.038776446133852005,3.281627141404897e-05,0.02527247741818428,0.017571665346622467,0.09014835953712463,0.0,0.0,0.0007715113461017609,0.000285092249792401,,,
1408,True,,,,,0.0,,,,,,0.003658875823020935,0.04756098985671997,4.038059341837652e-05,0.02761007845401764,0.01827341690659523,0.0901498794555664,0.0,0.0,0.0007156505598686635,0.0002845151221069445,,,
1409,True,,,,,0.0,,,,,,0.003674665931612253,0.06114141643047333,3.689715958898887e-05,0.03289606794714928,0.02218730002641678,0.09015126526355743,0.0,0.0,0.0007947568665258586,0.00028393866345497256,,,
1410,True,,,,,0.0,,,,,,0.003338332287967205,0.05390521138906479,7.854247814975679e-05,0.02950652502477169,0.019836872816085815,0.09015271067619324,0.0,0.0,0.0010194213828071952,0.000283362875289186,,,
1411,True,,,,,0.0,,,,,,0.0029707900248467922,0.044765405356884,3.9851118344813585e-05,0.025614719837903976,0.01724592037498951,0.090154267847538,0.0,0.0,0.0005992866354063153,0.0002827877590605965,,,
1412,True,,,,,0.0,,,,,,0.0018032514490187168,0.040217503905296326,7.244874723255634e-05,0.017015479505062103,0.010252695530653,0.09015577286481857,0.0,0.0,0.0005525119486264884,0.00028221331621852155,,,
1413,True,,,,,0.0,,,,,,0.003759197425097227,0.060826949775218964,4.295521284802817e-05,0.03326953947544098,0.022504597902297974,0.09015710651874542,0.0,0.0,0.0006371275521814823,0.00028163954821058243,,,
1414,True,,,,,0.0,,,,,,0.0028338227421045303,0.050573334097862244,5.642444739351049e-05,0.026822417974472046,0.018001466989517212,0.09015832096338272,0.0,0.0,0.0005694285500794649,0.0002810664564826996,,,
1415,True,,,,,0.0,,,,,,0.0023869825527071953,0.039581023156642914,2.759904418780934e-05,0.019886238500475883,0.012625760398805141,0.0901593416929245,0.0,0.0,0.0005596385453827679,0.00028049404247908926,,,
1416,True,,,,,0.0,,,,,,0.005457006394863129,0.06428009271621704,3.8836798921693116e-05,0.04693063348531723,0.03412459418177605,0.09016043692827225,0.0,0.0,0.0008212607936002314,0.00027992230764225964,,,
1417,True,,,,,0.0,,,,,,0.0013086948310956359,0.030245348811149597,3.445337279117666e-05,0.013070061802864075,0.007817989215254784,0.09016165137290955,0.0,0.0,0.0005048431339673698,0.0002793512534130075,,,
1418,True,,,,,0.0,,,,,,0.0032054174225777388,0.04598638415336609,8.211886597564444e-05,0.028426432982087135,0.019679691642522812,0.0901627317070961,0.0,0.0,0.0005915835499763489,0.00027878088123041433,,,
1419,True,,,,,0.0,,,,,,0.0037446299102157354,0.04612714424729347,4.002760397270322e-05,0.02893778495490551,0.019658789038658142,0.09016380459070206,0.0,0.0,0.0007514847093261778,0.00027821119253184306,,,
1420,True,,,,,0.0,,,,,,0.0031603039242327213,0.052614323794841766,7.476848259102553e-05,0.02778010256588459,0.018419332802295685,0.09016484022140503,0.0,0.0,0.0006324360729195178,0.0002776421887529341,,,
1421,True,,,,,0.0,,,,,,0.006031031720340252,0.05683935433626175,4.273850208846852e-05,0.046318307518959045,0.03368031233549118,0.09016589820384979,0.0,0.0,0.000872333999723196,0.0002770738713276018,,,
1422,True,,,,,0.0,,,,,,0.004947771783918142,0.06768935918807983,5.927075835643336e-05,0.04077652096748352,0.028128506615757942,0.09016692638397217,0.0,0.0,0.0007760560256429017,0.00027650624168803085,,,
1423,True,,,,,0.0,,,,,,0.0032398223411291838,0.04179806262254715,2.9903449103585444e-05,0.028721552342176437,0.020385291427373886,0.0901680514216423,0.0,0.0,0.0007009743130765855,0.0002759393012646728,,,
1424,True,,,,,0.0,,,,,,0.002827764255926013,0.05089092627167702,4.00757635361515e-05,0.026288600638508797,0.017450015991926193,0.0901690274477005,0.0,0.0,0.0007446991512551904,0.0002753730514862421,,,
1425,True,,,,,0.0,,,,,,0.0030926684848964214,0.045186251401901245,3.537110023899004e-05,0.02654101327061653,0.01801033318042755,0.0901700109243393,0.0,0.0,0.0006708286236971617,0.00027480749377971315,,,
1426,True,,,,,0.0,,,,,,0.0013898713514208794,0.03267188370227814,7.759456639178097e-05,0.013926994986832142,0.008329428732395172,0.09017091244459152,0.0,0.0,0.0005002275574952364,0.00027424262957031586,,,
1427,True,,,,,0.0,,,,,,0.0028754365630447865,0.05226096138358116,3.9832855691201985e-05,0.026787107810378075,0.017763938754796982,0.09017188102006912,0.0,0.0,0.0005899625248275697,0.00027367846028153296,,,
1428,True,,,,,0.0,,,,,,0.003909241408109665,0.05292887985706329,7.419224857585505e-05,0.032413724809885025,0.02227276936173439,0.09017295390367508,0.0,0.0,0.0007589745218865573,0.00027311498733509533,,,
1429,True,,,,,0.0,,,,,,0.0021261905785650015,0.04819527640938759,4.364475535112433e-05,0.02178073860704899,0.013911455869674683,0.09017414599657059,0.0,0.0,0.0005864094127900898,0.0002725522121509797,,,
1430,True,,,,,0.0,,,,,,0.004933883436024189,0.049126144498586655,5.8760775573318824e-05,0.04090070724487305,0.03012307733297348,0.09017511457204819,0.0,0.0,0.0008095052908174694,0.0002719901361474039,,,
1431,True,,,,,0.0,,,,,,0.005832528695464134,0.05077864229679108,2.9363825888140127e-05,0.05221253260970116,0.040385693311691284,0.09017626196146011,0.0,0.0,0.0008786616381257772,0.0002714287607408242,,,
1432,True,,,,,0.0,,,,,,0.0036929864436388016,0.059402648359537125,3.9861712139099836e-05,0.0324612632393837,0.021906305104494095,0.09017740935087204,0.0,0.0,0.0007327232742682099,0.00027086808734593106,,,
1433,True,,,,,0.0,,,,,,0.0022488883696496487,0.0437934584915638,3.573353387764655e-05,0.020824486389756203,0.013276602141559124,0.09017828851938248,0.0,0.0,0.0005496476078405976,0.00027030811737564574,,,
1434,True,,,,,0.0,,,,,,0.0023779748007655144,0.043686266988515854,8.380009967368096e-05,0.021414106711745262,0.013723812066018581,0.09017921984195709,0.0,0.0,0.0005839505465701222,0.00026974885224111724,,,
1435,True,,,,,0.0,,,,,,0.0024712926242500544,0.033059608191251755,4.090701986569911e-05,0.01894557848572731,0.012246068567037582,0.09018029272556305,0.0,0.0,0.0005538356490433216,0.000269190293351718,,,
1436,True,,,,,0.0,,,,,,0.0022808678913861513,0.038665272295475006,7.474378071492538e-05,0.018320556730031967,0.011233974248170853,0.0901813879609108,0.0,0.0,0.0005743488436564803,0.0002686324421150409,,,
1437,True,,,,,0.0,,,,,,0.0036039005499333143,0.05855245515704155,4.253496808814816e-05,0.03194623440504074,0.021563999354839325,0.090182363986969,0.0,0.0,0.000634805066511035,0.0002680752999368954,,,
1438,True,,,,,0.0,,,,,,0.0016958363121375442,0.03800763934850693,6.335370562737808e-05,0.016255196183919907,0.0098250862210989,0.09018337726593018,0.0,0.0,0.00058463349705562,0.000267518868221304,,,
1439,True,,,,,0.0,,,,,,0.006754414178431034,0.06357676535844803,2.9958950108266436e-05,0.05262109637260437,0.03859218209981918,0.09018436819314957,0.0,0.0,0.0008688887464813888,0.00026696314837049915,,,
1440,True,,,,,0.0,,,,,,0.005443264730274677,0.05691619962453842,4.005854862043634e-05,0.04280346259474754,0.030746694654226303,0.09018527716398239,0.0,0.0,0.0008939323597587645,0.00026640814178491897,,,
1441,True,,,,,0.0,,,,,,0.0032046798150986433,0.0473480299115181,3.772321724682115e-05,0.025492912158370018,0.016632702201604843,0.09018644690513611,0.0,0.0,0.0007602408877573907,0.00026585384986320426,,,
1442,True,,,,,0.0,,,,,,0.0032359433826059103,0.05410429462790489,7.884185470174998e-05,0.02849169261753559,0.018904022872447968,0.09018754214048386,0.0,0.0,0.0007082824013195932,0.0002653002740021949,,,
1443,True,,,,,0.0,,,,,,0.004876578226685524,0.053612157702445984,4.1195973608409986e-05,0.042824894189834595,0.031664617359638214,0.09018857032060623,0.0,0.0,0.000987631268799305,0.0002647474155969264,,,
1444,True,,,,,0.0,,,,,,0.0031376888509839773,0.02994799055159092,7.388129597529769e-05,0.02431461028754711,0.017243284732103348,0.09018969535827637,0.0,0.0,0.0007970707956701517,0.00026419527604062574,,,
1445,True,,,,,0.0,,,,,,0.003356233239173889,0.05099530518054962,4.400440229801461e-05,0.03046233020722866,0.021082652732729912,0.09019097685813904,0.0,0.0,0.0007777503342367709,0.000263643856724709,,,
1446,True,,,,,0.0,,,,,,0.005443744361400604,0.059382129460573196,5.744090231019072e-05,0.045028772205114365,0.03271616995334625,0.09019249677658081,0.0,0.0,0.0008048168383538723,0.0002630931590387768,,,
1447,True,,,,,0.0,,,,,,0.0018720956286415458,0.03679325431585312,3.0654045986011624e-05,0.01768566481769085,0.01121697761118412,0.09019400179386139,0.0,0.0,0.0005250696558505297,0.0002625431843706114,,,
1448,True,,,,,0.0,,,,,,0.007358267437666655,0.07607458531856537,3.9510625356342643e-05,0.05279787257313728,0.03691043704748154,0.09019553661346436,0.0,0.0,0.0008673361735418439,0.0002619939341061729,,,
1449,True,,,,,0.0,,,,,,0.0017479723319411278,0.038375306874513626,3.5398363252170384e-05,0.017744679003953934,0.011239506304264069,0.0901971235871315,0.0,0.0,0.0005925401346758008,0.0002614454096295961,,,
1450,True,,,,,0.0,,,,,,0.002977795898914337,0.04842187464237213,8.218339644372463e-05,0.026870550587773323,0.01810748688876629,0.09019879251718521,0.0,0.0,0.0006395005621016026,0.00026089761232318663,,,
1451,True,,,,,0.0,,,,,,0.003319944953545928,0.05165486037731171,3.9519916754215956e-05,0.027807369828224182,0.018400175496935844,0.09020036458969116,0.0,0.0,0.0006179084884934127,0.0002603505435674175,,,
1452,True,,,,,0.0,,,,,,0.003992440178990364,0.04815993458032608,7.469637057511136e-05,0.03235830366611481,0.022610504180192947,0.09020192176103592,0.0,0.0,0.0005813855677843094,0.00025980420474092585,,,
1453,True,,,,,0.0,,,,,,0.0020043146796524525,0.04584256559610367,4.246295429766178e-05,0.018618611618876457,0.01110677607357502,0.09020332247018814,0.0,0.0,0.000595580437220633,0.00025925859722050943,,,
1454,True,,,,,0.0,,,,,,0.0032723224721848965,0.0471046045422554,6.209785351529717e-05,0.03355662524700165,0.024640748277306557,0.09020472317934036,0.0,0.0,0.0007748119533061981,0.00025871372238112317,,,
1455,True,,,,,0.0,,,,,,0.0027765585109591484,0.04903775453567505,2.9044269467703998e-05,0.0228244811296463,0.01422755979001522,0.09020643681287766,0.0,0.0,0.0005889308522455394,0.0002581695815958751,,,
1456,True,,,,,0.0,,,,,,0.007001369260251522,0.0811750665307045,3.9671176637057215e-05,0.06419489532709122,0.04815410077571869,0.09020816534757614,0.0,0.0,0.0008487573359161615,0.00025762617623602404,,,
1457,True,,,,,0.0,,,,,,0.0023718983866274357,0.039033010601997375,3.592870416468941e-05,0.02141391672194004,0.014218652620911598,0.09020990878343582,0.0,0.0,0.0005710840341635048,0.0002570835076709752,,,
1458,True,,,,,0.0,,,,,,0.0027631279081106186,0.04592437297105789,8.25416500447318e-05,0.025008549913764,0.016709599643945694,0.09021153301000595,0.0,0.0,0.000643400358967483,0.000256541577268277,,,
1459,True,,,,,0.0,,,,,,0.003232738468796015,0.0442323163151741,3.971587648265995e-05,0.026348330080509186,0.017770372331142426,0.09021303057670593,0.0,0.0,0.0006174308946356177,0.0002560003863936177,,,
1460,True,,,,,0.0,,,,,,0.002471425337716937,0.06263404339551926,7.523207023041323e-05,0.024549920111894608,0.01487533189356327,0.09021422266960144,0.0,0.0,0.0007111559971235693,0.00025545993641082186,,,
1461,True,,,,,0.0,,,,,,0.0053024692460894585,0.049426112323999405,4.2114097595913336e-05,0.04176511615514755,0.030596822500228882,0.09021542966365814,0.0,0.0,0.0008754922891966999,0.0002549202286818473,,,
1462,True,,,,,0.0,,,,,,0.0031743422150611877,0.05606991797685623,5.650739694829099e-05,0.029565565288066864,0.019853807985782623,0.09021692723035812,0.0,0.0,0.0006486499914899468,0.00025438126456678073,,,
1463,True,,,,,0.0,,,,,,0.0033582178875803947,0.048687856644392014,2.8061065677320585e-05,0.030110545456409454,0.020967328920960426,0.09021829068660736,0.0,0.0,0.0007267671171575785,0.00025384304542383544,,,
1464,True,,,,,0.0,,,,,,0.00529461819678545,0.059023015201091766,3.9352609746856615e-05,0.0491262823343277,0.037007492035627365,0.09021952003240585,0.0,0.0,0.0009064762853085995,0.00025330557260934715,,,
1465,True,,,,,0.0,,,,,,0.003192679723724723,0.060210175812244415,3.559284232323989e-05,0.031433574855327606,0.021299874410033226,0.09022073447704315,0.0,0.0,0.0006845552707090974,0.00025276884747777096,,,
1466,True,,,,,0.0,,,,,,0.005878838710486889,0.07533738017082214,7.73008941905573e-05,0.045957162976264954,0.03160371631383896,0.09022202342748642,0.0,0.0,0.0009284057887271047,0.0002522328713816775,,,
1467,True,,,,,0.0,,,,,,0.002761873882263899,0.04628714546561241,3.9286624087253585e-05,0.02510991133749485,0.016797447577118874,0.09022322297096252,0.0,0.0,0.0007081324583850801,0.0002516976456717498,,,
1468,True,,,,,0.0,,,,,,0.001547747291624546,0.031859688460826874,7.241831917781383e-05,0.014913484454154968,0.009241312742233276,0.09022466838359833,0.0,0.0,0.00046539283357560635,0.00025116317169678027,,,
1469,True,,,,,0.0,,,,,,0.0025549568235874176,0.04414387047290802,4.305070615373552e-05,0.024471702054142952,0.01657857373356819,0.09022596478462219,0.0,0.0,0.0006161634810268879,0.0002506294508036664,,,
1470,True,,,,,0.0,,,,,,0.0018534099217504263,0.04031446576118469,5.663074989570305e-05,0.01783362217247486,0.01101817935705185,0.09022717922925949,0.0,0.0,0.0005328606930561364,0.0002500964843374085,,,
1471,True,,,,,0.0,,,,,,0.0031363130547106266,0.055531095713377,2.9027365599176846e-05,0.030940791592001915,0.02133457362651825,0.09022828191518784,0.0,0.0,0.0007043906371109188,0.000249564273641105,,,
1472,True,,,,,0.0,,,,,,0.005362795200198889,0.070016048848629,3.921347524737939e-05,0.047270648181438446,0.03398434817790985,0.09022923558950424,0.0,0.0,0.0008763022487983108,0.0002490328200559502,,,
1473,True,,,,,0.0,,,,,,0.0030348505824804306,0.04026782885193825,3.4797605621861294e-05,0.02555929310619831,0.01757795549929142,0.09023039042949677,0.0,0.0,0.0006363836000673473,0.0002485021249212304,,,
1474,True,,,,,0.0,,,,,,0.0037203552201390266,0.04497651010751724,8.347100811079144e-05,0.02980184182524681,0.020639782771468163,0.09023166447877884,0.0,0.0,0.0007722662412561476,0.0002479721895743205,,,
1475,True,,,,,0.0,,,,,,0.003384153125807643,0.05593501403927803,4.0566646930528805e-05,0.03146161511540413,0.02156134694814682,0.09023290127515793,0.0,0.0,0.0007689576596021652,0.0002474430153506806,,,
1476,True,,,,,0.0,,,,,,0.0037831212393939495,0.05057469755411148,7.595929491799325e-05,0.03468576446175575,0.024904850870370865,0.09023437649011612,0.0,0.0,0.0007320900331251323,0.000246914603583853,,,
1477,True,,,,,0.0,,,,,,0.005604408215731382,0.07106565684080124,4.422766505740583e-05,0.04736517742276192,0.033729732036590576,0.09023582935333252,0.0,0.0,0.0008768457337282598,0.00024638695560545834,,,
1478,True,,,,,0.0,,,,,,0.002395239658653736,0.037167713046073914,5.850013258168474e-05,0.020676322281360626,0.01363268680870533,0.09023741632699966,0.0,0.0,0.000567226205021143,0.0002458600727451927,,,
1479,True,,,,,0.0,,,,,,0.0017675472190603614,0.052216481417417526,2.9303246265044436e-05,0.018028387799859047,0.010122151114046574,0.09023896604776382,0.0,0.0,0.0005135852261446416,0.00024533395633082375,,,
1480,True,,,,,0.0,,,,,,0.00395313510671258,0.06069337576627731,3.968216333305463e-05,0.03642108291387558,0.0254763625562191,0.09024059027433395,0.0,0.0,0.0007890934939496219,0.0002448086076881877,,,
1481,True,,,,,0.0,,,,,,0.002625485649332404,0.04511338472366333,3.74762894352898e-05,0.027016939595341682,0.018958956003189087,0.09024200588464737,0.0,0.0,0.0006297662621363997,0.0002442840281411865,,,
1482,True,,,,,0.0,,,,,,0.0063451300375163555,0.062224797904491425,8.432164031546563e-05,0.05194992944598198,0.038437724113464355,0.09024343639612198,0.0,0.0,0.0009299320518039167,0.00024376021901178303,,,
1483,True,,,,,0.0,,,,,,0.0046143000945448875,0.0575418621301651,4.216229353914969e-05,0.038743942975997925,0.027451926842331886,0.09024461358785629,0.0,0.0,0.000799851375631988,0.00024323718161999944,,,
1484,True,,,,,0.0,,,,,,0.004358022939413786,0.056696709245443344,7.358731090789661e-05,0.040467388927936554,0.0295004453510046,0.09024568647146225,0.0,0.0,0.000886506459210068,0.00024271491728391264,,,
1485,True,,,,,0.0,,,,,,0.0032791472040116787,0.04235967993736267,4.285864997655153e-05,0.025393392890691757,0.01695438288152218,0.09024658054113388,0.0,0.0,0.0005626837373711169,0.00024219342731965186,,,
1486,True,,,,,0.0,,,,,,0.002455428708344698,0.037693046033382416,5.877383955521509e-05,0.022084210067987442,0.014927616342902184,0.09024741500616074,0.0,0.0,0.0005007745930925012,0.00024167271304139425,,,
1487,True,,,,,0.0,,,,,,0.004871399141848087,0.05413851514458656,2.77431736321887e-05,0.04267321899533272,0.0314716137945652,0.0902482271194458,0.0,0.0,0.0007732862140983343,0.00024115277576136263,,,
1488,True,,,,,0.0,,,,,,0.004868681542575359,0.059282489120960236,3.938034933526069e-05,0.04004574194550514,0.02832663245499134,0.0902489721775055,0.0,0.0,0.0007923080702312291,0.00024063361678982163,,,
1489,True,,,,,0.0,,,,,,0.002456644084304571,0.038365140557289124,3.366433520568535e-05,0.02109052613377571,0.01387804001569748,0.09024970978498459,0.0,0.0,0.0006454235990531743,0.00024011523743507464,,,
1490,True,,,,,0.0,,,,,,0.002665771869942546,0.041502274572849274,7.804921187926084e-05,0.02276114746928215,0.015003617852926254,0.09025049954652786,0.0,0.0,0.0006068164948374033,0.00023959763900346017,,,
1491,True,,,,,0.0,,,,,,0.0031632266473025084,0.05715137720108032,4.061776053276844e-05,0.029849836602807045,0.020048651844263077,0.09025133401155472,0.0,0.0,0.0007592662004753947,0.00023908082279934889,,,
1492,True,,,,,0.0,,,,,,0.002676270669326186,0.04753217101097107,7.338180876104161e-05,0.023476440459489822,0.015107737854123116,0.0902523323893547,0.0,0.0,0.0005738133331760764,0.0002385647901251402,,,
1493,True,,,,,0.0,,,,,,0.005121913738548756,0.06301742047071457,4.084203828824684e-05,0.04160990193486214,0.029263291507959366,0.0902533233165741,0.0,0.0,0.0010957967024296522,0.00023804954228125915,,,
1494,True,,,,,0.0,,,,,,0.0032413206063210964,0.05047280341386795,6.178230978548527e-05,0.030159249901771545,0.02093721181154251,0.09025438129901886,0.0,0.0,0.0008103331783786416,0.00023753508056615245,,,
1495,True,,,,,0.0,,,,,,0.0030683744698762894,0.05635972321033478,2.888691597036086e-05,0.028764741495251656,0.019143395125865936,0.09025546908378601,0.0,0.0,0.0006140722543932498,0.0002370214062762863,,,
1496,True,,,,,0.0,,,,,,0.00503728911280632,0.05771839618682861,3.934971027774736e-05,0.042012449353933334,0.030281078070402145,0.09025657922029495,0.0,0.0,0.0007333733956329525,0.00023650852070614229,,,
1497,True,,,,,0.0,,,,,,0.0037253748159855604,0.07250023633241653,3.496102726785466e-05,0.03545603156089783,0.023560576140880585,0.09025771915912628,0.0,0.0,0.0007040311465971172,0.0002359964251482146,,,
1498,True,,,,,0.0,,,,,,0.00565539812669158,0.06677305698394775,8.296519808936864e-05,0.05517159029841423,0.0418948158621788,0.09025884419679642,0.0,0.0,0.0008897633524611592,0.00023548512089300618,,,
1499,True,,,,,0.0,,,,,,0.002373575232923031,0.05428206920623779,3.9921156712807715e-05,0.02283874899148941,0.01411440409719944,0.09026012569665909,0.0,0.0,0.0005331581342034042,0.00023497460922902608,,,
1500,True,,,,,0.0,,,,,,0.003232383169233799,0.053829438984394073,7.337669376283884e-05,0.0317605696618557,0.022205941379070282,0.09026134014129639,0.0,0.0,0.0007354620611295104,0.0002344648914427861,0.0003393624951308863,0.0005975050250748641,2.6379282535239514e-05
1501,True,,,,,0.0,,,,,,0.005992600694298744,0.06300929188728333,4.30634172516875e-05,0.05015426129102707,0.036936573684215546,0.09026249498128891,0.0,0.0,0.0010158098302781582,0.00023395596881879731,,,
1502,True,,,,,0.0,,,,,,0.0014054225757718086,0.02861453779041767,5.8209690905641764e-05,0.01242284756153822,0.007224229164421558,0.0902637168765068,0.0,0.0,0.0006164344376884401,0.00023344784263956692,,,
1503,True,,,,,0.0,,,,,,0.0030326908454298973,0.050038859248161316,2.9245527912280522e-05,0.026491807773709297,0.017537960782647133,0.09026478976011276,0.0,0.0,0.0006184228113852441,0.0002329405141855951,,,
1504,True,,,,,0.0,,,,,,0.003457254497334361,0.055301979184150696,4.0013299440033734e-05,0.02965952269732952,0.019749406725168228,0.09026573598384857,0.0,0.0,0.0007066915277391672,0.00023243398473537163,,,
1505,True,,,,,0.0,,,,,,0.004994276911020279,0.050906047224998474,3.3973534300457686e-05,0.043632760643959045,0.032628223299980164,0.09026677161455154,0.0,0.0,0.0009045291808433831,0.00023192825556537312,,,
1506,True,,,,,0.0,,,,,,0.0038170123007148504,0.046733684837818146,7.817934965714812e-05,0.03236066922545433,0.022928519174456596,0.09026790410280228,0.0,0.0,0.0008023403934203088,0.0002314233279500588,,,
1507,True,,,,,0.0,,,,,,0.0027567537035793066,0.04974209517240524,3.9274327718885615e-05,0.025993943214416504,0.017340650781989098,0.09026911854743958,0.0,0.0,0.0005425035487860441,0.0002309192031618684,,,
1508,True,,,,,0.0,,,,,,0.002384235616773367,0.0580429770052433,7.311544322874397e-05,0.024205811321735382,0.015078018419444561,0.09027020633220673,0.0,0.0,0.0007720097783021629,0.00023041588247121848,,,
1509,True,,,,,0.0,,,,,,0.005106781609356403,0.06607867032289505,4.22533048549667e-05,0.04358853027224541,0.030950041487812996,0.09027111530303955,0.0,0.0,0.0007516448968090117,0.00022991336714649928,,,
1510,True,,,,,0.0,,,,,,0.004077808931469917,0.05257078632712364,5.754025187343359e-05,0.035233210772275925,0.024966832250356674,0.09027204662561417,0.0,0.0,0.0007059669587761164,0.0002294116584540711,,,
1511,True,,,,,0.0,,,,,,0.0037728319875895977,0.04560476914048195,2.970861896756105e-05,0.029819950461387634,0.020569056272506714,0.09027300775051117,0.0,0.0,0.0007264050655066967,0.00022891075765826184,,,
1512,True,,,,,0.0,,,,,,0.0020720832981169224,0.042721379548311234,3.9931663195602596e-05,0.019799567759037018,0.012532640248537064,0.09027396887540817,0.0,0.0,0.0005760715575888753,0.0002284106660213634,,,
1513,True,,,,,0.0,,,,,,0.0027270845603197813,0.051934074610471725,3.454127727309242e-05,0.023112503811717033,0.014271991327404976,0.09027492254972458,0.0,0.0,0.0005837908829562366,0.00022791138480362865,,,
1514,True,,,,,0.0,,,,,,0.0026045190170407295,0.05144859850406647,8.262191840913147e-05,0.0261057298630476,0.017412282526493073,0.09027578681707382,0.0,0.0,0.0006028031930327415,0.00022741291526326781,,,
1515,True,,,,,0.0,,,,,,0.0041387053206563,0.048240937292575836,3.9841848774813116e-05,0.03632749244570732,0.02644200250506401,0.09027676284313202,0.0,0.0,0.0006984372157603502,0.00022691525865644607,,,
1516,True,,,,,0.0,,,,,,0.004048234783113003,0.07275113463401794,7.630834443261847e-05,0.03608713671565056,0.023822857066988945,0.09027759730815887,0.0,0.0,0.0006949112867005169,0.00022641841623727976,,,
1517,True,,,,,0.0,,,,,,0.000655918731354177,0.01782800629734993,4.274981256457977e-05,0.007362769450992346,0.003999889828264713,0.09027855843305588,0.0,0.0,0.0005026393919251859,0.0002259223892578335,,,
1518,True,,,,,0.0,,,,,,0.0059447577223181725,0.06413371115922928,5.9950467402813956e-05,0.046710021793842316,0.03341912478208542,0.09027949720621109,0.0,0.0,0.0007897760951891541,0.00022542717896811685,,,
1519,True,,,,,0.0,,,,,,0.0027637050952762365,0.03655809909105301,2.7652951757772826e-05,0.02508886158466339,0.017752714455127716,0.09028048813343048,0.0,0.0,0.0006917727878317237,0.00022493278661608147,,,
1520,True,,,,,0.0,,,,,,0.002239239402115345,0.04963948205113411,3.96005307266023e-05,0.022755203768610954,0.01462940126657486,0.0902814269065857,0.0,0.0,0.0005714123835787177,0.00022443921344761776,,,
1521,True,,,,,0.0,,,,,,0.0038007949478924274,0.051813047379255295,3.6214012652635574e-05,0.03377395123243332,0.02387091889977455,0.09028226882219315,0.0,0.0,0.0006778496317565441,0.00022394646070655137,,,
1522,True,,,,,0.0,,,,,,0.001664038747549057,0.042722076177597046,8.358164632227272e-05,0.0181958619505167,0.011314993724226952,0.09028317034244537,0.0,0.0,0.000508542638272047,0.0002234545296346409,,,
1523,True,,,,,0.0,,,,,,0.003985095769166946,0.06788262724876404,4.0395636460743845e-05,0.034833911806344986,0.023137511685490608,0.09028410166501999,0.0,0.0,0.0007532035233452916,0.00022296342147157413,,,
1524,True,,,,,0.0,,,,,,0.003546465188264847,0.053331561386585236,7.711137004662305e-05,0.03246571496129036,0.022644685581326485,0.09028507769107819,0.0,0.0,0.000724956626072526,0.00022247313745496516,,,
1525,True,,,,,0.0,,,,,,0.0032514194026589394,0.06197120249271393,4.198298483970575e-05,0.02956690639257431,0.01919451355934143,0.09028614312410355,0.0,0.0,0.0006983323255553842,0.00022198367882035093,,,
1526,True,,,,,0.0,,,,,,0.003773121163249016,0.051643356680870056,5.80453488510102e-05,0.02818983979523182,0.018320487812161446,0.09028711169958115,0.0,0.0,0.0007419603643938899,0.0002214950468011886,,,
1527,True,,,,,0.0,,,,,,0.0030583119951188564,0.06523691117763519,2.8405127523001283e-05,0.033538781106472015,0.023039694875478745,0.09028812497854233,0.0,0.0,0.0006796863744966686,0.00022100724262885224,,,
1528,True,,,,,0.0,,,,,,0.004152711480855942,0.05926058441400528,3.958035813411698e-05,0.035088758915662766,0.02408730797469616,0.09028898179531097,0.0,0.0,0.000667187268845737,0.00022052026753262974,,,
1529,True,,,,,0.0,,,,,,0.005419626832008362,0.058914873749017715,3.572880450519733e-05,0.04669732600450516,0.034465447068214417,0.09028979390859604,0.0,0.0,0.0008383797248825431,0.0002200341227397195,,,
1530,True,,,,,0.0,,,,,,0.00406271917745471,0.048935890197753906,8.255889406427741e-05,0.036304377019405365,0.0264038797467947,0.09029079973697662,0.0,0.0,0.0008171599474735558,0.00021954880947522764,,,
1531,True,,,,,0.0,,,,,,0.003445263719186187,0.047370269894599915,4.039760824525729e-05,0.03350766375660896,0.024402258917689323,0.09029176086187363,0.0,0.0,0.0009651465807110071,0.00021906432896216492,,,
1532,True,,,,,0.0,,,,,,0.0033617797307670116,0.05350028723478317,7.499784987885505e-05,0.029360663145780563,0.019708426669239998,0.0902928039431572,0.0,0.0,0.0006293671322055161,0.0002185806824214433,,,
1533,True,,,,,0.0,,,,,,0.0026875860057771206,0.03682905435562134,4.1834748117253184e-05,0.022492755204439163,0.01519840583205223,0.09029390662908554,0.0,0.0,0.0005910306936129928,0.00021809787107187305,,,
1534,True,,,,,0.0,,,,,,0.0040693096816539764,0.047711245715618134,6.010478682583198e-05,0.035377249121665955,0.02560381032526493,0.09029515832662582,0.0,0.0,0.0007956719491630793,0.00021761589613015993,,,
1535,True,,,,,0.0,,,,,,0.0043903738260269165,0.06194189190864563,2.9589402402052656e-05,0.037533365190029144,0.026031043380498886,0.09029646217823029,0.0,0.0,0.0007721364963799715,0.0002171347588109019,,,
1536,True,,,,,0.0,,,,,,0.0031149934511631727,0.05630985647439957,4.0574428567197174e-05,0.02589900605380535,0.01622975990176201,0.09029781073331833,0.0,0.0,0.0006273168255575001,0.00021665446032658608,,,
1537,True,,,,,0.0,,,,,,0.005096752196550369,0.07601971924304962,3.72529830201529e-05,0.04596569389104843,0.032345350831747055,0.09029911458492279,0.0,0.0,0.0008631573873572052,0.00021617500188758537,,,
1538,True,,,,,0.0,,,,,,0.0022252623457461596,0.043424881994724274,8.37261468404904e-05,0.02092653140425682,0.013413913547992706,0.09030038863420486,0.0,0.0,0.0006574654253199697,0.0002156963847021562,,,
1539,True,,,,,0.0,,,,,,0.004549204371869564,0.05920188128948212,3.9840571844251826e-05,0.03754405304789543,0.02615172602236271,0.09030158072710037,0.0,0.0,0.0007975684711709619,0.0002152186099764346,,,
1540,True,,,,,0.0,,,,,,0.0065133231692016125,0.0711754560470581,7.286691106855869e-05,0.052212443202733994,0.037642113864421844,0.09030274301767349,0.0,0.0,0.0011332409922033548,0.000214741678914434,,,
1541,True,,,,,0.0,,,,,,0.0023391498252749443,0.04519655182957649,4.2809911974472925e-05,0.02197335660457611,0.014190103858709335,0.09030415862798691,0.0,0.0,0.0005568658816628158,0.00021426559271804126,,,
1542,True,,,,,0.0,,,,,,0.0044042328372597694,0.05415014922618866,5.663192132487893e-05,0.03731939196586609,0.02656877413392067,0.09030550718307495,0.0,0.0,0.0007868301472626626,0.0002137903525870144,,,
1543,True,,,,,0.0,,,,,,0.00514864781871438,0.059093374758958817,2.8742255381075665e-05,0.04000949487090111,0.028034066781401634,0.09030688554048538,0.0,0.0,0.0009275268530473113,0.00021331595971897934,,,
1544,True,,,,,0.0,,,,,,0.005915972404181957,0.06195558235049248,3.992890560766682e-05,0.04491877555847168,0.031884197145700455,0.09030842781066895,0.0,0.0,0.0010023928480222821,0.00021284241530942688,,,
1545,True,,,,,0.0,,,,,,0.0031222905963659286,0.05425986647605896,3.525111242197454e-05,0.026419639587402344,0.016950637102127075,0.09031005203723907,0.0,0.0,0.0006226430996321142,0.00021236972055170962,,,
1546,True,,,,,0.0,,,,,,0.0019288010662421584,0.0437605157494545,7.729661592748016e-05,0.01661815121769905,0.00937153585255146,0.09031149744987488,0.0,0.0,0.000505073694512248,0.00021189787663703885,,,
1547,True,,,,,0.0,,,,,,0.0013631961774080992,0.03227001056075096,3.981238842243329e-05,0.012348832562565804,0.006835601758211851,0.09031277149915695,0.0,0.0,0.0004584653943311423,0.00021142688475448202,,,
1548,True,,,,,0.0,,,,,,0.0060689738020300865,0.07782647013664246,7.510985597036779e-05,0.0541076585650444,0.03931534290313721,0.09031399339437485,0.0,0.0,0.0010079884668812156,0.00021095674609095921,,,
1549,True,,,,,0.0,,,,,,0.006074152886867523,0.07783769071102142,4.365081986179575e-05,0.05090701952576637,0.03612411767244339,0.09031539410352707,0.0,0.0,0.0008276511798612773,0.00021048746183124017,,,
1550,True,,,,,0.0,,,,,,0.004056105390191078,0.06792035698890686,5.660555325448513e-05,0.03632963448762894,0.024550024420022964,0.09031673520803452,0.0,0.0,0.0008398139616474509,0.00021001903315794192,,,
1551,True,,,,,0.0,,,,,,0.003102558432146907,0.04737458378076553,2.8669046514551155e-05,0.028270794078707695,0.019513260573148727,0.09031809866428375,0.0,0.0,0.0006999287870712578,0.00020955146125152524,,,
1552,True,,,,,0.0,,,,,,0.0010831999825313687,0.02922806888818741,3.9857535739429295e-05,0.010513643734157085,0.005584513768553734,0.09031939506530762,0.0,0.0,0.00040770010673440993,0.00020908474729029153,,,
1553,True,,,,,0.0,,,,,,0.005203156732022762,0.06113134324550629,3.5740358725888655e-05,0.044224172830581665,0.03198680281639099,0.0903206318616867,0.0,0.0,0.0007838265155442059,0.0002086188924503804,,,
1554,True,,,,,0.0,,,,,,0.005483731627464294,0.06914007663726807,7.76077649788931e-05,0.04433687776327133,0.03099711425602436,0.09032190591096878,0.0,0.0,0.0007582309190183878,0.00020815389790576643,,,
1555,True,,,,,0.0,,,,,,0.0021507362835109234,0.042716167867183685,3.945041316910647e-05,0.020369958132505417,0.0130246477201581,0.09032312780618668,0.0,0.0,0.0005427353316918015,0.00020768976482825642,,,
1556,True,,,,,0.0,,,,,,0.0016884603537619114,0.039014872163534164,7.195815851446241e-05,0.0170027744024992,0.010473605245351791,0.0903242826461792,0.0,0.0,0.0004534756008069962,0.00020722649438748543,,,
1557,True,,,,,0.0,,,,,,0.0029101278632879257,0.05156257748603821,4.318595165386796e-05,0.028163772076368332,0.019172541797161102,0.09032528847455978,0.0,0.0,0.0005938110407441854,0.0002067640877509157,,,
1558,True,,,,,0.0,,,,,,0.0031291681807488203,0.049326956272125244,5.7888897572411224e-05,0.027503658086061478,0.01850958541035652,0.09032627940177917,0.0,0.0,0.0005755870370194316,0.0002063025460838319,,,
1559,True,,,,,0.0,,,,,,0.0029848709236830473,0.05396018177270889,3.051009844057262e-05,0.028052983805537224,0.018753567710518837,0.09032723307609558,0.0,0.0,0.0008430574089288712,0.00020584187054933944,,,
1560,True,,,,,0.0,,,,,,0.004727318417280912,0.06065285950899124,4.033664663438685e-05,0.03598485887050629,0.024268802255392075,0.09032811224460602,0.0,0.0,0.0006493672262877226,0.00020538206230836048,,,
1561,True,,,,,0.0,,,,,,0.003041505580767989,0.05330097675323486,3.47936074831523e-05,0.027918029576539993,0.018625739961862564,0.09032899141311646,0.0,0.0,0.0005943026044405997,0.00020492312251963198,,,
1562,True,,,,,0.0,,,,,,0.005989329423755407,0.06505893170833588,8.258755406131968e-05,0.05068725720047951,0.037247445434331894,0.09032975137233734,0.0,0.0,0.0008116599638015032,0.00020446505233970226,,,
1563,True,,,,,0.0,,,,,,0.005022360011935234,0.0636051744222641,4.020406777272001e-05,0.03901088982820511,0.026704605668783188,0.09033063054084778,0.0,0.0,0.0006619630730710924,0.00020400785292292828,,,
1564,True,,,,,0.0,,,,,,0.00487533351406455,0.06548997759819031,7.314619870157912e-05,0.03821707144379616,0.025852851569652557,0.09033145010471344,0.0,0.0,0.0007182560511864722,0.00020355152542147226,,,
1565,True,,,,,0.0,,,,,,0.002776672597974539,0.044505149126052856,4.295334656490013e-05,0.025011196732521057,0.016859207302331924,0.09033244848251343,0.0,0.0,0.0008730795816518366,0.00020309607098529964,,,
1566,True,,,,,0.0,,,,,,0.0030076405964791775,0.04133842885494232,5.7113757065963e-05,0.026246536523103714,0.018173161894083023,0.0903334692120552,0.0,0.0,0.0007576416828669608,0.00020264149076217535,,,
1567,True,,,,,0.0,,,,,,0.002258261665701866,0.0481063574552536,2.8503756766440347e-05,0.024824857711791992,0.01683836430311203,0.090334452688694,0.0,0.0,0.0007167452713474631,0.0002021877858976617,,,
1568,True,,,,,0.0,,,,,,0.0036909065674990416,0.07123684883117676,3.929471131414175e-05,0.03245402127504349,0.020716430619359016,0.09033530205488205,0.0,0.0,0.000739233335480094,0.00020173495753511442,,,
1569,True,,,,,0.0,,,,,,0.0031808726489543915,0.04301702603697777,3.468462819000706e-05,0.025835489854216576,0.017432209104299545,0.09033618867397308,0.0,0.0,0.0006211177678778768,0.00020128300681568085,,,
1570,True,,,,,0.0,,,,,,0.002581768436357379,0.05186302214860916,8.340176282217726e-05,0.02696317620575428,0.018250033259391785,0.0903371274471283,0.0,0.0,0.0006554896244779229,0.0002008319348782966,,,
1571,True,,,,,0.0,,,,,,0.004362212494015694,0.05804045498371124,4.1114755731541663e-05,0.03691645339131355,0.025826260447502136,0.09033793210983276,0.0,0.0,0.0007711625075899065,0.00020038174285968259,,,
1572,True,,,,,0.0,,,,,,0.0023187650367617607,0.03859006613492966,7.217660458991304e-05,0.02006303146481514,0.012945782393217087,0.0903388187289238,0.0,0.0,0.0005317689501680434,0.00019993243189434236,,,
1573,True,,,,,0.0,,,,,,0.0032433923333883286,0.05051007121801376,4.208531026961282e-05,0.027431340888142586,0.01821250095963478,0.09033970534801483,0.0,0.0,0.0006453351816162467,0.00019948400311455922,,,
1574,True,,,,,0.0,,,,,,0.0035997345112264156,0.0561513751745224,6.308451702352613e-05,0.03212142735719681,0.021971609443426132,0.0903405174612999,0.0,0.0,0.0007201273692771792,0.00019903645765039326,,,
1575,True,,,,,0.0,,,,,,0.0016071365680545568,0.0323665514588356,2.84176021523308e-05,0.015000010840594769,0.009238598868250847,0.09034121781587601,0.0,0.0,0.0004893155419267714,0.0001985897966296787,,,
1576,True,,,,,0.0,,,,,,0.004912011791020632,0.07655054330825806,3.863180609187111e-05,0.04523171856999397,0.0317419171333313,0.09034189581871033,0.0,0.0,0.0009137631277553737,0.00019814402117802058,,,
1577,True,,,,,0.0,,,,,,0.001936528249643743,0.03264620900154114,3.6434383218875155e-05,0.01804218627512455,0.011919391341507435,0.0903429314494133,0.0,0.0,0.0005571687361225486,0.00019769913241879256,,,
1578,True,,,,,0.0,,,,,,0.0029077872168272734,0.05259634926915169,7.726295007159933e-05,0.02972974255681038,0.020620251074433327,0.09034394472837448,0.0,0.0,0.0007152467733249068,0.00019725513147313383,,,
1579,True,,,,,0.0,,,,,,0.00456063449382782,0.06655888259410858,3.9111073419917375e-05,0.037588439881801605,0.025448912754654884,0.09034491330385208,0.0,0.0,0.0006646778783760965,0.00019681201945994625,,,
1580,True,,,,,0.0,,,,,,0.004259040113538504,0.06597822159528732,7.163149712141603e-05,0.03622100502252579,0.024424871429800987,0.09034591913223267,0.0,0.0,0.0008306810050271451,0.00019636979749589124,,,
1581,True,,,,,0.0,,,,,,0.0034655537456274033,0.05154130980372429,4.179315874353051e-05,0.03268968686461449,0.023145636543631554,0.09034702181816101,0.0,0.0,0.0006305563147179782,0.0001959284666953875,,,
1582,True,,,,,0.0,,,,,,0.001393990940414369,0.035019200295209885,6.182368088047951e-05,0.015134233050048351,0.009303930215537548,0.09034799039363861,0.0,0.0,0.0005381082301028073,0.0001954880281706079,,,
1583,True,,,,,0.0,,,,,,0.0018123472109436989,0.03850383311510086,2.9596287276945077e-05,0.017947692424058914,0.011366674676537514,0.09034886956214905,0.0,0.0,0.00048670917749404907,0.0001950484830314769,,,
1584,True,,,,,0.0,,,,,,0.0037474229466170073,0.0563105046749115,3.913580076186918e-05,0.03581155836582184,0.025510022416710854,0.09034963697195053,0.0,0.0,0.0007571393507532775,0.00019460983238566733,,,
1585,True,,,,,0.0,,,,,,0.004352047108113766,0.0469956174492836,3.371066122781485e-05,0.03673236444592476,0.026760393753647804,0.09035052359104156,0.0,0.0,0.0011491673067212105,0.00019417207733859793,,,
1586,True,,,,,0.0,,,,,,0.003488762304186821,0.0616331622004509,8.23758018668741e-05,0.029172873124480247,0.018576093018054962,0.09035158157348633,0.0,0.0,0.0009466016781516373,0.00019373521899343079,,,
1587,True,,,,,0.0,,,,,,0.003091723658144474,0.05437401682138443,3.9432779885828495e-05,0.029522782191634178,0.02007041685283184,0.09035252034664154,0.0,0.0,0.0005627503851428628,0.00019329925845106762,,,
1588,True,,,,,0.0,,,,,,0.0034123514778912067,0.04561573639512062,7.514181197620928e-05,0.03028261475265026,0.02136758342385292,0.09035349637269974,0.0,0.0,0.000624756037723273,0.00019286419681014826,,,
1589,True,,,,,0.0,,,,,,0.0038529715966433287,0.052245691418647766,4.2955965909641236e-05,0.031434059143066406,0.021431494504213333,0.09035450965166092,0.0,0.0,0.0007650547777302563,0.00019243003516704698,,,
1590,True,,,,,0.0,,,,,,0.003928764723241329,0.045014914125204086,5.906607839278877e-05,0.03694591298699379,0.027582569047808647,0.0903555229306221,0.0,0.0,0.0007741603767499328,0.00019199677461587028,,,
1591,True,,,,,0.0,,,,,,0.003917975351214409,0.0628073439002037,2.9861661460017785e-05,0.03503626212477684,0.023919053375720978,0.09035656601190567,0.0,0.0,0.0009409415652044117,0.00019156441624845332,,,
1592,True,,,,,0.0,,,,,,0.003779423190280795,0.058408234268426895,3.9527396438643336e-05,0.03722427785396576,0.026680689305067062,0.09035781770944595,0.0,0.0,0.0008809235878288746,0.00019113296115435828,,,
1593,True,,,,,0.0,,,,,,0.0009196178871206939,0.03492467477917671,3.519561869325116e-05,0.010144036263227463,0.004810761660337448,0.09035911411046982,0.0,0.0,0.0004603570559993386,0.00019070241042087071,,,
1594,True,,,,,0.0,,,,,,0.0037585897371172905,0.06016213074326515,7.729024218861014e-05,0.03275969997048378,0.0220426507294178,0.09036023169755936,0.0,0.0,0.0006632480653934181,0.00019027276513299753,,,
1595,True,,,,,0.0,,,,,,0.001613588072359562,0.049625396728515625,3.92278925573919e-05,0.015875348821282387,0.008375993929803371,0.09036125242710114,0.0,0.0,0.0005561054567806423,0.00018984402637346328,,,
1596,True,,,,,0.0,,,,,,0.0024414327926933765,0.04422032833099365,7.278215343831107e-05,0.02222849242389202,0.014425015076994896,0.09036220610141754,0.0,0.0,0.0005379568901844323,0.00018941619522270853,,,
1597,True,,,,,0.0,,,,,,0.003037982387468219,0.039153583347797394,4.32749766332563e-05,0.02795466035604477,0.020076051354408264,0.09036313742399216,0.0,0.0,0.0006076818099245429,0.00018898927275888644,,,
1598,True,,,,,0.0,,,,,,0.003105476964265108,0.055147938430309296,5.661547038471326e-05,0.027726642787456512,0.0181744247674942,0.0903640165925026,0.0,0.0,0.0006241747178137302,0.00018856326005786022,,,
1599,True,,,,,0.0,,,,,,0.0010749086504802108,0.028898902237415314,2.9953152989037335e-05,0.012438302859663963,0.007554878015071154,0.09036493301391602,0.0,0.0,0.0004664866719394922,0.0001881381581932005,,,
1600,True,,,,,0.0,,,,,,0.004664166830480099,0.06289622187614441,3.959549212595448e-05,0.031605761498212814,0.019728515297174454,0.09036583453416824,0.0,0.0,0.0008811340085230768,0.00018771396823618263,0.0004970891816307293,0.0006522588782341378,1.4062608328578271e-05
1601,True,,,,,0.0,,,,,,0.002295201178640127,0.04535788297653198,3.5129975003656e-05,0.021270226687192917,0.01351800374686718,0.09036687761545181,0.0,0.0,0.0005248108063824475,0.00018729069125578374,,,
1602,True,,,,,0.0,,,,,,0.0016354689141735435,0.04359523206949234,7.889386324677616e-05,0.016454501077532768,0.009516383521258831,0.09036782383918762,0.0,0.0,0.0003711283497978002,0.0001868683283186804,,,
1603,True,,,,,0.0,,,,,,0.003141392022371292,0.04688035696744919,4.010178963653743e-05,0.029896320775151253,0.021143155172467232,0.09036871790885925,0.0,0.0,0.0007832598057575524,0.00018644688048924548,,,
1604,True,,,,,0.0,,,,,,0.0020773299038410187,0.04251401871442795,7.699141133343801e-05,0.02508598566055298,0.017815062776207924,0.09036962687969208,0.0,0.0,0.0006336659425869584,0.00018602634882954595,,,
1605,True,,,,,0.0,,,,,,0.0037731751799583435,0.055741265416145325,4.3808504415210336e-05,0.03556927293539047,0.02529635839164257,0.09037067741155624,0.0,0.0,0.0007755314582027495,0.00018560673439934,,,
1606,True,,,,,0.0,,,,,,0.004792818333953619,0.06133265793323517,6.129950634203851e-05,0.04471789672970772,0.032857444137334824,0.09037169069051743,0.0,0.0,0.0009382414864376187,0.0001851880382560745,,,
1607,True,,,,,0.0,,,,,,0.00235761608928442,0.04818946123123169,3.133141217404045e-05,0.02180440165102482,0.01370844617486,0.09037277847528458,0.0,0.0,0.0005615827976725996,0.00018477026145488162,,,
1608,True,,,,,0.0,,,,,,0.0032518915832042694,0.05134836584329605,4.1476650949334726e-05,0.029026469215750694,0.019715262576937675,0.09037379175424576,0.0,0.0,0.0008630125084891915,0.00018435340504857744,,,
1609,True,,,,,0.0,,,,,,0.002392552327364683,0.0488361231982708,3.656771878013387e-05,0.022386031225323677,0.014187835156917572,0.09037480503320694,0.0,0.0,0.0005552148213610053,0.00018393747008765824,,,
1610,True,,,,,0.0,,,,,,0.00390723766759038,0.051259595900774,8.724485815037042e-05,0.036037664860486984,0.026057090610265732,0.09037569165229797,0.0,0.0,0.0008703357307240367,0.00018352245762029835,,,
1611,True,,,,,0.0,,,,,,0.0026812213473021984,0.04381765425205231,3.9532802475150675e-05,0.022427579388022423,0.01444106362760067,0.0903763696551323,0.0,0.0,0.0007046794053167105,0.00018310836869234697,,,
1612,True,,,,,0.0,,,,,,0.0032726172357797623,0.05079507827758789,7.312298839678988e-05,0.027738818898797035,0.018446361646056175,0.09037702530622482,0.0,0.0,0.0006292064790613949,0.00018269520434732663,,,
1613,True,,,,,0.0,,,,,,0.0035827248357236385,0.057259198278188705,4.323621396906674e-05,0.030865322798490524,0.02063128352165222,0.0903778225183487,0.0,0.0,0.0006286418065428734,0.00018228296562642946,,,
1614,True,,,,,0.0,,,,,,0.00267209904268384,0.047452714294195175,5.756383325206116e-05,0.02381114847958088,0.015461210161447525,0.0903785303235054,0.0,0.0,0.0005949884071014822,0.00018187165356851504,,,
1615,True,,,,,0.0,,,,,,0.003083460032939911,0.04373341053724289,2.9632288715220056e-05,0.026309901848435402,0.017934493720531464,0.09037916362285614,0.0,0.0,0.0007430831901729107,0.00018146126921010766,,,
1616,True,,,,,0.0,,,,,,0.004735815804451704,0.05264465510845184,3.96203322452493e-05,0.04252999275922775,0.031606100499629974,0.09037990123033524,0.0,0.0,0.0009259791113436222,0.00018105181358539377,,,
1617,True,,,,,0.0,,,,,,0.0018146320944651961,0.04104370251297951,3.6684363294625655e-05,0.018659068271517754,0.011817917227745056,0.09038064628839493,0.0,0.0,0.0006268246215768158,0.0001806432877262195,,,
1618,True,,,,,0.0,,,,,,0.002678545191884041,0.05130482837557793,7.817678124411032e-05,0.023418253287672997,0.014666322618722916,0.09038126468658447,0.0,0.0,0.0005816995981149375,0.000180235692662088,,,
1619,True,,,,,0.0,,,,,,0.0044769360683858395,0.05702859163284302,4.04563506890554e-05,0.039392564445734024,0.028288722038269043,0.09038188308477402,0.0,0.0,0.0007194727077148855,0.00017982902942015634,,,
1620,True,,,,,0.0,,,,,,0.0034600212238729,0.05687630549073219,7.443450158461928e-05,0.027729082852602005,0.017640387639403343,0.09038253873586655,0.0,0.0,0.0006850697682239115,0.00017942329902523373,,,
1621,True,,,,,0.0,,,,,,0.0029199463315308094,0.054391179233789444,4.2930674680974334e-05,0.025928961113095284,0.01664459891617298,0.09038324654102325,0.0,0.0,0.000648746092338115,0.00017901850249977868,,,
1622,True,,,,,0.0,,,,,,0.002462435280904174,0.04256585240364075,5.763971057604067e-05,0.023646797984838486,0.015995118767023087,0.09038390964269638,0.0,0.0,0.0006315356004051864,0.00017861464086389579,,,
1623,True,,,,,0.0,,,,,,0.0024800151586532593,0.04312928766012192,2.8655265850829892e-05,0.02094319462776184,0.013232076540589333,0.09038469195365906,0.0,0.0,0.0005227470537647605,0.00017821171513533423,,,
1624,True,,,,,0.0,,,,,,0.0035745850764214993,0.06255488842725754,3.9698334148852155e-05,0.03201139345765114,0.021257618442177773,0.09038539975881577,0.0,0.0,0.0007964451215229928,0.00017780972632948442,,,
1625,True,,,,,0.0,,,,,,0.003251421032473445,0.053973402827978134,3.6341192753752694e-05,0.03340033441781998,0.023829542100429535,0.09038614481687546,0.0,0.0,0.0009227730915881693,0.0001774086754593756,,,
1626,True,,,,,0.0,,,,,,0.004645104985684156,0.04935547709465027,7.83468785812147e-05,0.037482913583517075,0.026959218084812164,0.09038709849119186,0.0,0.0,0.0006743261474184692,0.00017700856353567357,,,
1627,True,,,,,0.0,,,,,,0.0031425319612026215,0.05113714560866356,3.99700365960598e-05,0.030308173969388008,0.021128062158823013,0.09038803726434708,0.0,0.0,0.0007155167404562235,0.00017660939156667783,,,
1628,True,,,,,0.0,,,,,,0.002219964750111103,0.048935603350400925,7.728053606115282e-05,0.024043049663305283,0.01598699577152729,0.09038896858692169,0.0,0.0,0.0007139683002606034,0.00017621116055831912,,,
1629,True,,,,,0.0,,,,,,0.0024731929879635572,0.04508395120501518,4.2086605390068144e-05,0.025716546922922134,0.017810016870498657,0.09038985520601273,0.0,0.0,0.0006752375629730523,0.00017581387151415718,,,
1630,True,,,,,0.0,,,,,,0.0033171563409268856,0.0482449010014534,6.015101098455489e-05,0.028777960687875748,0.019702330231666565,0.09039076417684555,0.0,0.0,0.0005887530860491097,0.00017541752543537742,,,
1631,True,,,,,0.0,,,,,,0.005393081810325384,0.06899505853652954,2.9165483283577487e-05,0.04649682343006134,0.03328573703765869,0.09039156883955002,0.0,0.0,0.0008246808429248631,0.00017502212332078947,,,
1632,True,,,,,0.0,,,,,,0.0036504906602203846,0.050206393003463745,3.941121030948125e-05,0.033849623054265976,0.02425486221909523,0.09039242565631866,0.0,0.0,0.0007784785702824593,0.00017462766616682386,,,
1633,True,,,,,0.0,,,,,,0.0027893874794244766,0.05358771234750748,3.581123019102961e-05,0.025307154282927513,0.016237158328294754,0.09039318561553955,0.0,0.0,0.0008237523143179715,0.0001742341549675299,,,
1634,True,,,,,0.0,,,,,,0.0023479280062019825,0.04716528579592705,7.893110159784555e-05,0.01992228627204895,0.011914423666894436,0.0903940349817276,0.0,0.0,0.0006653026212006807,0.0001738415907145729,,,
1635,True,,,,,0.0,,,,,,0.004035321995615959,0.06016365438699722,4.185635771136731e-05,0.03481964021921158,0.023843076080083847,0.0903947651386261,0.0,0.0,0.0007691601640544832,0.00017344997439723198,,,
1636,True,,,,,0.0,,,,,,0.002197274938225746,0.04946615919470787,7.404746429529041e-05,0.023022489622235298,0.014937619678676128,0.0903954803943634,0.0,0.0,0.0006824947195127606,0.00017305930700239736,,,
1637,True,,,,,0.0,,,,,,0.0016299308044835925,0.029143238440155983,4.290346259949729e-05,0.016584645956754684,0.01111497450619936,0.09039632230997086,0.0,0.0,0.0005196818965487182,0.00017266958951456802,,,
1638,True,,,,,0.0,,,,,,0.0021202831994742155,0.0471695140004158,5.7243345509050414e-05,0.02068902552127838,0.012919196859002113,0.09039708971977234,0.0,0.0,0.0006338292732834816,0.00017228082291584885,,,
1639,True,,,,,0.0,,,,,,0.0032219174318015575,0.05494329333305359,2.8173180908197537e-05,0.028697337955236435,0.019063027575612068,0.09039771556854248,0.0,0.0,0.0007450766279362142,0.00017189300818594867,,,
1640,True,,,,,0.0,,,,,,0.00259641045704484,0.04004870355129242,3.931355240638368e-05,0.021893678233027458,0.014368757605552673,0.09039828181266785,0.0,0.0,0.000703366647940129,0.00017150614630217766,,,
1641,True,,,,,0.0,,,,,,0.004311409778892994,0.055887795984745026,3.467716305749491e-05,0.03933623060584068,0.028514713048934937,0.0903988778591156,0.0,0.0,0.0007476264145225286,0.00017112023823944472,,,
1642,True,,,,,0.0,,,,,,0.005917593836784363,0.0681052953004837,7.788420771248639e-05,0.049444641917943954,0.03577357903122902,0.0903996080160141,0.0,0.0,0.0008203177712857723,0.00017073528497025487,,,
1643,True,,,,,0.0,,,,,,0.002653289120644331,0.049702756106853485,3.9630383980693296e-05,0.02481071837246418,0.016263335943222046,0.0904003456234932,0.0,0.0,0.0006846890901215374,0.00017035128746470716,,,
1644,True,,,,,0.0,,,,,,0.0016690741758793592,0.03485359996557236,7.652242493350059e-05,0.016859622672200203,0.010762916877865791,0.09040109068155289,0.0,0.0,0.0006259031943045557,0.00016996824669049217,,,
1645,True,,,,,0.0,,,,,,0.0033528683707118034,0.04827612638473511,4.2343512177467346e-05,0.028691045939922333,0.019585372880101204,0.09040191024541855,0.0,0.0,0.0005727748502977192,0.00016958616361288935,,,
1646,True,,,,,0.0,,,,,,0.003387510310858488,0.060258012264966965,6.231088627828285e-05,0.030711470171809196,0.02036297880113125,0.09040262550115585,0.0,0.0,0.0007326266495510936,0.00016920503919476467,,,
1647,True,,,,,0.0,,,,,,0.0018355906940996647,0.03705455735325813,3.057254434679635e-05,0.01793152466416359,0.011471159756183624,0.09040336310863495,0.0,0.0,0.00046996489982120693,0.00016882487439656823,,,
1648,True,,,,,0.0,,,,,,0.004340469837188721,0.04831891506910324,4.015837112092413e-05,0.03609466925263405,0.025998186320066452,0.09040407091379166,0.0,0.0,0.0009909560903906822,0.00016844567017633216,,,
1649,True,,,,,0.0,,,,,,0.0024038017727434635,0.056894004344940186,3.554463182808831e-05,0.023307520896196365,0.014292498119175434,0.09040488302707672,0.0,0.0,0.0006176673923619092,0.0001680674274896676,,,
1650,True,,,,,0.0,,,,,,0.0023275227285921574,0.043588802218437195,8.24568560346961e-05,0.02461310476064682,0.016981417313218117,0.0904056578874588,0.0,0.0,0.0007062695804052055,0.00016769014728976246,,,
1651,True,,,,,0.0,,,,,,0.0022890313994139433,0.040966011583805084,3.92688307329081e-05,0.01935674622654915,0.012047414667904377,0.09040650725364685,0.0,0.0,0.0005899639218114316,0.00016731383052737936,,,
1652,True,,,,,0.0,,,,,,0.004794369917362928,0.06471788883209229,7.136502244975418e-05,0.041718773543834686,0.029512859880924225,0.09040732681751251,0.0,0.0,0.0007705833995714784,0.0001669384781508531,,,
1653,True,,,,,0.0,,,,,,0.002176230540499091,0.04572252929210663,4.346774221630767e-05,0.019219400361180305,0.01154510211199522,0.09040810912847519,0.0,0.0,0.0006359530379995704,0.00016656409110608794,,,
1654,True,,,,,0.0,,,,,,0.0022609024308621883,0.03966576233506203,5.732793943025172e-05,0.020786229521036148,0.01362599991261959,0.09040878713130951,0.0,0.0,0.0005676625296473503,0.00016619067033655572,,,
1655,True,,,,,0.0,,,,,,0.003633091924712062,0.05844235047698021,2.8716021915897727e-05,0.033325135707855225,0.0229293555021286,0.09040942043066025,0.0,0.0,0.0006078905425965786,0.0001658182167832929,,,
1656,True,,,,,0.0,,,,,,0.0034371232613921165,0.04797426983714104,3.9468832255806774e-05,0.0316142737865448,0.022455886006355286,0.09041009843349457,0.0,0.0,0.0007810502429492772,0.00016544673138489896,,,
1657,True,,,,,0.0,,,,,,0.0031235869973897934,0.052805423736572266,3.483452746877447e-05,0.030896034091711044,0.021570377051830292,0.09041094034910202,0.0,0.0,0.000672012276481837,0.00016507621507753302,,,
1658,True,,,,,0.0,,,,,,0.0018132877303287387,0.038074105978012085,8.218175207730383e-05,0.018234319984912872,0.011668414808809757,0.09041177481412888,0.0,0.0,0.000553153979126364,0.0001647066687949125,,,
1659,True,,,,,0.0,,,,,,0.004380076192319393,0.06317365169525146,3.9625141653232276e-05,0.03794533386826515,0.0263239536434412,0.09041252732276917,0.0,0.0,0.0006601997883990407,0.00016433809346831014,,,
1660,True,,,,,0.0,,,,,,0.002208702964708209,0.04444991052150726,7.460050255758688e-05,0.020679142326116562,0.013084014877676964,0.09041322022676468,0.0,0.0,0.0005442363326437771,0.00016397049002655201,,,
1661,True,,,,,0.0,,,,,,0.0018381322734057903,0.043674226850271225,4.444710066309199e-05,0.020208902657032013,0.013076987117528915,0.09041375666856766,0.0,0.0,0.000518388522323221,0.00016360385939601457,,,
1662,True,,,,,0.0,,,,,,0.005187436006963253,0.06350567936897278,6.170141568873078e-05,0.04711579903960228,0.03464280068874359,0.09041427820920944,0.0,0.0,0.0008798351045697927,0.00016323820250062316,,,
1663,True,,,,,0.0,,,,,,0.0029736447613686323,0.046283330768346786,2.8761211069650017e-05,0.027639616280794144,0.019119109958410263,0.09041474759578705,0.0,0.0,0.0006696906639263034,0.00016287352026184916,,,
1664,True,,,,,0.0,,,,,,0.003656412474811077,0.03993697836995125,3.8971233152551576e-05,0.029090516269207,0.020516768097877502,0.09041515737771988,0.0,0.0,0.0007060004281811416,0.0001625098135987077,,,
1665,True,,,,,0.0,,,,,,0.0014716784935444593,0.036580320447683334,3.4130047424696386e-05,0.013776414096355438,0.00772548234090209,0.09041556715965271,0.0,0.0,0.00046109038521535695,0.0001621470834277554,,,
1666,True,,,,,0.0,,,,,,0.0036816936917603016,0.05717664211988449,7.734217069810256e-05,0.03269510716199875,0.0223529152572155,0.09041599184274673,0.0,0.0,0.0007629332831129432,0.000161785330663088,,,
1667,True,,,,,0.0,,,,,,0.00566179770976305,0.07569900900125504,3.9602553442819044e-05,0.04329228773713112,0.029136622324585915,0.0904165580868721,0.0,0.0,0.0007990070735104382,0.00016142455621633855,,,
1668,True,,,,,0.0,,,,,,0.003793118055909872,0.060691457241773605,7.399306196020916e-05,0.03254068270325661,0.02173725515604019,0.09041701257228851,0.0,0.0,0.0005912372143939137,0.00016106476099667444,,,
1669,True,,,,,0.0,,,,,,0.003661851165816188,0.05632954090833664,4.346906644059345e-05,0.03220278024673462,0.021982070058584213,0.09041742980480194,0.0,0.0,0.000779677415266633,0.00016070594591079506,,,
1670,True,,,,,0.0,,,,,,0.003219009842723608,0.05752109736204147,6.206204852787778e-05,0.029964327812194824,0.020057998597621918,0.09041798859834671,0.0,0.0,0.0007551045855507255,0.00016034811186293018,,,
1671,True,,,,,0.0,,,,,,0.0030990238301455975,0.05873767286539078,2.8960825147805735e-05,0.029505904763936996,0.01961444690823555,0.09041869640350342,0.0,0.0,0.0006871534860692918,0.00015999125975483733,,,
1672,True,,,,,0.0,,,,,,0.0032635189127177,0.06515200436115265,3.955634747399017e-05,0.031768981367349625,0.021066289395093918,0.09041954576969147,0.0,0.0,0.0006844897870905697,0.00015963539048579933,,,
1673,True,,,,,0.0,,,,,,0.005999303422868252,0.06522642076015472,3.4995886380784214e-05,0.049383290112018585,0.035939645022153854,0.09042031317949295,0.0,0.0,0.0006739718955941498,0.0001592805049526223,,,
1674,True,,,,,0.0,,,,,,0.005314509384334087,0.05566485971212387,8.345356764039025e-05,0.040391966700553894,0.02856503240764141,0.09042110294103622,0.0,0.0,0.0006450220826081932,0.00015892660404963316,,,
1675,True,,,,,0.0,,,,,,0.005555925890803337,0.0642416924238205,4.074868047609925e-05,0.04634782671928406,0.033443138003349304,0.09042181819677353,0.0,0.0,0.0008755052695050836,0.00015857368866867782,,,
1676,True,,,,,0.0,,,,,,0.0014689195668324828,0.04041723906993866,7.547000859631225e-05,0.014915602281689644,0.008462999016046524,0.09042246639728546,0.0,0.0,0.0005690020625479519,0.0001582217596991184,,,
1677,True,,,,,0.0,,,,,,0.007719160057604313,0.06304006278514862,4.16762413806282e-05,0.060839083045721054,0.045890845358371735,0.09042305499315262,0.0,0.0,0.0008133855299092829,0.00015787081802783121,,,
1678,True,,,,,0.0,,,,,,0.0034461708273738623,0.048176854848861694,6.276699423324317e-05,0.02930987812578678,0.02011040225625038,0.09042362123727798,0.0,0.0,0.000776912784203887,0.00015752086453920454,,,
1679,True,,,,,0.0,,,,,,0.00777474557980895,0.0910390317440033,2.786653203656897e-05,0.06859033554792404,0.05079351365566254,0.0904240533709526,0.0,0.0,0.0008499769028276205,0.00015717190011513656,,,
1680,True,,,,,0.0,,,,,,0.002795799169689417,0.046991609036922455,3.966692747781053e-05,0.025667674839496613,0.01724863424897194,0.09042465686798096,0.0,0.0,0.0007083897362463176,0.00015682392563503284,,,
1681,True,,,,,0.0,,,,,,0.00303579680621624,0.045428983867168427,3.353798820171505e-05,0.027105042710900307,0.018605325371026993,0.09042530506849289,0.0,0.0,0.0006201705546118319,0.0001564769419758043,,,
1682,True,,,,,0.0,,,,,,0.0027200537733733654,0.04020360857248306,7.706948963459581e-05,0.020813237875699997,0.013130029663443565,0.09042587876319885,0.0,0.0,0.0005399439833126962,0.00015613095001186481,,,
1683,True,,,,,0.0,,,,,,0.0024789043236523867,0.04541309177875519,3.9114827814046293e-05,0.022547347471117973,0.01460331305861473,0.09042645990848541,0.0,0.0,0.0006986816297285259,0.00015578595061512928,,,
1684,True,,,,,0.0,,,,,,0.004051507450640202,0.04913811385631561,7.216425728984177e-05,0.03337431699037552,0.02346864715218544,0.09042703360319138,0.0,0.0,0.0007866470259614289,0.0001554419446550114,,,
1685,True,,,,,0.0,,,,,,0.004781424067914486,0.06604111194610596,4.234144216752611e-05,0.041654039174318314,0.029343057423830032,0.09042750298976898,0.0,0.0,0.0009503160254098475,0.00015509893299842092,,,
1686,True,,,,,0.0,,,,,,0.0059686992317438126,0.0601075142621994,5.697410233551636e-05,0.04983854666352272,0.036926329135894775,0.09042799472808838,0.0,0.0,0.0009650984429754317,0.0001547569165097624,,,
1687,True,,,,,0.0,,,,,,0.0021301675587892532,0.03909385949373245,2.782994124572724e-05,0.023199601098895073,0.016241848468780518,0.09042849391698837,0.0,0.0,0.000648647896014154,0.00015441589605093224,,,
1688,True,,,,,0.0,,,,,,0.003959933295845985,0.052252791821956635,3.915344859706238e-05,0.03471694514155388,0.024607868865132332,0.09042894840240479,0.0,0.0,0.0007368901860900223,0.000154075872481317,,,
1689,True,,,,,0.0,,,,,,0.0031078997999429703,0.0521974042057991,3.488676156848669e-05,0.02911120280623436,0.019861824810504913,0.0904294028878212,0.0,0.0,0.0006460658041760325,0.00015373684665779074,,,
1690,True,,,,,0.0,,,,,,0.004007629584521055,0.05554238706827164,8.186172635760158e-05,0.03680920600891113,0.02630210667848587,0.0904298648238182,0.0,0.0,0.0007191246841102839,0.00015339881943471345,,,
1691,True,,,,,0.0,,,,,,0.0023985167499631643,0.04038581997156143,3.9322938391705975e-05,0.022412795573472977,0.015051731839776039,0.09043031930923462,0.0,0.0,0.0005532123614102602,0.00015306179166392852,,,
1692,True,,,,,0.0,,,,,,0.0026853992603719234,0.04397786408662796,7.495000318158418e-05,0.023094147443771362,0.015069179236888885,0.09043077379465103,0.0,0.0,0.0006967528606764972,0.0001527257641947606,,,
1693,True,,,,,0.0,,,,,,0.0030503084417432547,0.049525875598192215,4.177534719929099e-05,0.028869858011603355,0.01994176208972931,0.09043115377426147,0.0,0.0,0.0006717501673847437,0.00015239073787401351,,,
1694,True,,,,,0.0,,,,,,0.003830475267022848,0.06672604382038116,5.7280947658000514e-05,0.03329554200172424,0.021859508007764816,0.0904315635561943,0.0,0.0,0.0007560081430710852,0.00015205671354596824,,,
1695,True,,,,,0.0,,,,,,0.004346400499343872,0.06388428807258606,2.7576439606491476e-05,0.03786314278841019,0.026210207492113113,0.0904318243265152,0.0,0.0,0.0008229317609220743,0.00015172369205238085,,,
1696,True,,,,,0.0,,,,,,0.003920065239071846,0.0511542484164238,3.884872421622276e-05,0.033503394573926926,0.023544158786535263,0.0904320776462555,0.0,0.0,0.0007234129589051008,0.00015139167423247984,,,
1697,True,,,,,0.0,,,,,,0.002296347636729479,0.03609737008810043,3.529832974891178e-05,0.020838383585214615,0.014010326936841011,0.09043236076831818,0.0,0.0,0.0007138862856663764,0.00015106066092296475,,,
1698,True,,,,,0.0,,,,,,0.001390571123920381,0.031147539615631104,7.675027882214636e-05,0.01198540348559618,0.006537375971674919,0.09043269604444504,0.0,0.0,0.0004659750557038933,0.0001507306529580035,,,
1699,True,,,,,0.0,,,,,,0.0026963497512042522,0.044874466955661774,3.911474414053373e-05,0.024769039824604988,0.016661357134580612,0.09043297916650772,0.0,0.0,0.0005612534587271512,0.00015040165116923066,,,
1700,True,,,,,0.0,,,,,,0.003134771017357707,0.05314455181360245,7.446258678101003e-05,0.032395850867033005,0.023005060851573944,0.09043339639902115,0.0,0.0,0.000682350539136678,0.00015007365638574496,0.0003517716187792935,0.0005222827875229328,2.671640802828401e-05
1701,True,,,,,0.0,,,,,,0.005306227132678032,0.06739791482686996,4.241616261424497e-05,0.04603798687458038,0.03306642174720764,0.09043379127979279,0.0,0.0,0.0009455679100938141,0.00014974666943410767,,,
1702,True,,,,,0.0,,,,,,0.0036218948662281036,0.0679190531373024,5.5996857554418966e-05,0.03694877028465271,0.025602631270885468,0.09043413400650024,0.0,0.0,0.0007618599338456988,0.00014942069113834015,,,
1703,True,,,,,0.0,,,,,,0.0019184680422767997,0.04139518365263939,2.9167384127504192e-05,0.018208634108304977,0.011231720447540283,0.09043441712856293,0.0,0.0,0.0005730320699512959,0.00014909572231992202,,,
1704,True,,,,,0.0,,,,,,0.002716830698773265,0.05366509407758713,3.893145913025364e-05,0.024378743022680283,0.015371588990092278,0.09043487161397934,0.0,0.0,0.0006574316648766398,0.00014877176379778873,,,
1705,True,,,,,0.0,,,,,,0.0025338800624012947,0.049717798829078674,3.4971715649589896e-05,0.023739825934171677,0.015312327072024345,0.09043538570404053,0.0,0.0,0.0005651370738632977,0.00014844881638833004,,,
1706,True,,,,,0.0,,,,,,0.0037768539041280746,0.05323707312345505,7.861206540837884e-05,0.028855565935373306,0.018811337649822235,0.09043583273887634,0.0,0.0,0.0009182811481878161,0.00014812688090538742,,,
1707,True,,,,,0.0,,,,,,0.004206417128443718,0.061799995601177216,3.95005990867503e-05,0.03344586864113808,0.022135339677333832,0.09043631702661514,0.0,0.0,0.0006160395569168031,0.0001478059581602525,,,
1708,True,,,,,0.0,,,,,,0.003298358526080847,0.04707840085029602,7.316417759284377e-05,0.030709223821759224,0.021762074902653694,0.09043674170970917,0.0,0.0,0.0008411575108766556,0.00014748604896166442,,,
1709,True,,,,,0.0,,,,,,0.0031751960050314665,0.05172164738178253,4.304857429815456e-05,0.027335049584507942,0.018061790615320206,0.09043730795383453,0.0,0.0,0.0008050610776990652,0.00014716715411580846,,,
1710,True,,,,,0.0,,,,,,0.003912522457540035,0.04436205327510834,5.735973172704689e-05,0.03088804893195629,0.021606260910630226,0.09043794125318527,0.0,0.0,0.0009688996942713857,0.00014684927442631354,,,
1711,True,,,,,0.0,,,,,,0.0018727181013673544,0.03533792123198509,2.945324195025023e-05,0.016701508313417435,0.010375885292887688,0.09043878316879272,0.0,0.0,0.000513728242367506,0.00014653241069425042,,,
1712,True,,,,,0.0,,,,,,0.001256877789273858,0.03146687150001526,3.84299892175477e-05,0.012775905430316925,0.0074487291276454926,0.09043966233730316,0.0,0.0,0.0004498442867770791,0.00014621656371812937,,,
1713,True,,,,,0.0,,,,,,0.004446627572178841,0.0625869482755661,3.4351494832662866e-05,0.039548423141241074,0.0279215220361948,0.09044045209884644,0.0,0.0,0.0009016250260174274,0.0001459017342938986,,,
1714,True,,,,,0.0,,,,,,0.0019356745760887861,0.03283615782856941,7.776428537908942e-05,0.018083572387695312,0.011920987628400326,0.09044118225574493,0.0,0.0,0.0007047058898024261,0.0001455879232149421,,,
1715,True,,,,,0.0,,,,,,0.003124140901491046,0.04824194312095642,3.927823854610324e-05,0.02771315537393093,0.018840759992599487,0.0904419869184494,0.0,0.0,0.0007266498869284987,0.0001452751312720775,,,
1716,True,,,,,0.0,,,,,,0.002567082876339555,0.04990292713046074,7.241209095809609e-05,0.022064602002501488,0.013566592708230019,0.09044276922941208,0.0,0.0,0.000707724189851433,0.00014496335925355406,,,
1717,True,,,,,0.0,,,,,,0.0023552323691546917,0.052419304847717285,4.255747626302764e-05,0.026009785011410713,0.01748690754175186,0.09044361859560013,0.0,0.0,0.0005890990141779184,0.0001446526079450509,,,
1718,True,,,,,0.0,,,,,,0.0038760006427764893,0.061084214597940445,5.727322422899306e-05,0.03243158012628555,0.021514076739549637,0.09044443815946579,0.0,0.0,0.000736695365048945,0.00014434287812967493,,,
1719,True,,,,,0.0,,,,,,0.004953487776219845,0.06674947589635849,3.095412102993578e-05,0.04217486456036568,0.029626501724123955,0.09044535458087921,0.0,0.0,0.0009753996855579317,0.00014403417058795882,,,
1720,True,,,,,0.0,,,,,,0.0030627220403403044,0.05480867996811867,4.159111631452106e-05,0.027054473757743835,0.017585625872015953,0.0904463455080986,0.0,0.0,0.0007962114177644253,0.00014372648609785896,,,
1721,True,,,,,0.0,,,,,,0.003758644685149193,0.0638059601187706,3.668019417091273e-05,0.036718882620334625,0.02565682679414749,0.09044729918241501,0.0,0.0,0.0007574687479063869,0.0001434198254347537,,,
1722,True,,,,,0.0,,,,,,0.003877269569784403,0.0580790638923645,8.63975947140716e-05,0.032739248126745224,0.022106390446424484,0.09044815599918365,0.0,0.0,0.0007712008082307875,0.00014311418937144142,,,
1723,True,,,,,0.0,,,,,,0.007347526028752327,0.07288907468318939,4.2498752009123564e-05,0.055491652339696884,0.039929479360580444,0.09044904261827469,0.0,0.0,0.001176303718239069,0.00014280957867813835,,,
1724,True,,,,,0.0,,,,,,0.0023113833740353584,0.04358183592557907,8.124883606797084e-05,0.020999014377593994,0.013384324498474598,0.09044987708330154,0.0,0.0,0.0005779455532319844,0.00014250599412247658,,,
1725,True,,,,,0.0,,,,,,0.00440058670938015,0.06644437462091446,4.375407297629863e-05,0.0324908122420311,0.020519405603408813,0.09045061469078064,0.0,0.0,0.0006438005366362631,0.00014220343646950258,,,
1726,True,,,,,0.0,,,,,,0.006319794803857803,0.07402397692203522,5.9068272094009444e-05,0.05780152976512909,0.04314529150724411,0.0904512107372284,0.0,0.0,0.0010703714797273278,0.0001419019064816749,,,
1727,True,,,,,0.0,,,,,,0.003216541837900877,0.0550607368350029,2.809932266245596e-05,0.031240705400705338,0.02159951999783516,0.09045186638832092,0.0,0.0,0.0009094767738133669,0.00014160140491886205,,,
1728,True,,,,,0.0,,,,,,0.002970607951283455,0.04641106724739075,3.948072117054835e-05,0.029377726837992668,0.020841745659708977,0.0904526337981224,0.0,0.0,0.0007005954976193607,0.00014130193253834126,,,
1729,True,,,,,0.0,,,,,,0.0047479430213570595,0.06763075292110443,3.5204833693569526e-05,0.037415169179439545,0.024982014670968056,0.09045341610908508,0.0,0.0,0.000938093289732933,0.00014100349009479594,,,
1730,True,,,,,0.0,,,,,,0.0015815853839740157,0.0402098149061203,7.725192699581385e-05,0.016184300184249878,0.009638563729822636,0.0904543325304985,0.0,0.0,0.00047668584738858044,0.00014070607834031418,,,
1731,True,,,,,0.0,,,,,,0.003059440292418003,0.048012033104896545,3.964408824685961e-05,0.028085561469197273,0.019300542771816254,0.09045519679784775,0.0,0.0,0.0006519625312648714,0.00014040969802438645,,,
1732,True,,,,,0.0,,,,,,0.001195564866065979,0.03461356833577156,7.403302879538387e-05,0.012678185477852821,0.0070796869695186615,0.09045599400997162,0.0,0.0,0.00041646353201940656,0.00014011434989390418,,,
1733,True,,,,,0.0,,,,,,0.0062658535316586494,0.06630107760429382,4.290218203095719e-05,0.049089014530181885,0.03526703268289566,0.0904567539691925,0.0,0.0,0.0009124161442741752,0.0001398200346931575,,,
1734,True,,,,,0.0,,,,,,0.0017528068274259567,0.03877197206020355,5.686684380634688e-05,0.01742001436650753,0.01085700187832117,0.09045742452144623,0.0,0.0,0.0005404261755757034,0.00013952675316383355,,,
1735,True,,,,,0.0,,,,,,0.004540483932942152,0.0539216548204422,2.9272112442413345e-05,0.036564745008945465,0.025712875649333,0.09045811742544174,0.0,0.0,0.0009011378861032426,0.00013923450604501464,,,
1736,True,,,,,0.0,,,,,,0.002388955792412162,0.04874100536108017,3.9461214328184724e-05,0.02134331874549389,0.013155944645404816,0.09045878052711487,0.0,0.0,0.0005644725169986486,0.0001389432940731763,,,
1737,True,,,,,0.0,,,,,,0.0035066138952970505,0.056629836559295654,3.5295386624056846e-05,0.033447183668613434,0.02335534617304802,0.09045939147472382,0.0,0.0,0.0009133351850323379,0.00013865311798218536,,,
1738,True,,,,,0.0,,,,,,0.005013507790863514,0.06715889275074005,7.839232421247289e-05,0.039423827081918716,0.026750633493065834,0.09046011418104172,0.0,0.0,0.0007044709636829793,0.00013836397850329832,,,
1739,True,,,,,0.0,,,,,,0.0018082389142364264,0.0357900895178318,3.9301536162383854e-05,0.016500376164913177,0.010188868269324303,0.09046092629432678,0.0,0.0,0.0005053580971434712,0.0001380758763651592,,,
1740,True,,,,,0.0,,,,,,0.0028776838444173336,0.04963181912899017,7.341660966631025e-05,0.026943828910589218,0.01816163957118988,0.09046168625354767,0.0,0.0,0.0007443237118422985,0.00013778881229379794,,,
1741,True,,,,,0.0,,,,,,0.0038671549409627914,0.06210217997431755,4.36262707808055e-05,0.032501768320798874,0.021497957408428192,0.0904623493552208,0.0,0.0,0.0008699028985574841,0.0001375027870126286,,,
1742,True,,,,,0.0,,,,,,0.002268975367769599,0.031583093106746674,5.9593250625766814e-05,0.01878015138208866,0.012418439611792564,0.09046311676502228,0.0,0.0,0.0006866329349577427,0.00013721780124244744,,,
1743,True,,,,,0.0,,,,,,0.0037343455478549004,0.052560772746801376,2.8736089006997645e-05,0.0318358913064003,0.021926460787653923,0.09046383947134018,0.0,0.0,0.0007092329324223101,0.0001369338557014309,,,
1744,True,,,,,0.0,,,,,,0.0023389258421957493,0.05044383555650711,3.9983951864996925e-05,0.019985122606158257,0.011677177622914314,0.09046443551778793,0.0,0.0,0.0005259444005787373,0.00013665095110513425,,,
1745,True,,,,,0.0,,,,,,0.0020690409000962973,0.035519059747457504,3.668036879389547e-05,0.019255410879850388,0.012711472809314728,0.09046506136655807,0.0,0.0,0.0007118568173609674,0.0001363690881664894,,,
1746,True,,,,,0.0,,,,,,0.0034634596668183804,0.055113304406404495,8.74837496667169e-05,0.031260594725608826,0.02133740670979023,0.09046560525894165,0.0,0.0,0.0007429487304762006,0.00013608826759580324,,,
1747,True,,,,,0.0,,,,,,0.0036883929278701544,0.058351341634988785,4.106317646801472e-05,0.03665623441338539,0.026207514107227325,0.09046605974435806,0.0,0.0,0.0006520156166516244,0.00013580849010075586,,,
1748,True,,,,,0.0,,,,,,0.004641567822545767,0.06316862255334854,7.81199341872707e-05,0.04099404811859131,0.02909189462661743,0.09046638756990433,0.0,0.0,0.0009302675607614219,0.00013552975638639878,,,
1749,True,,,,,0.0,,,,,,0.0019435340072959661,0.051194049417972565,4.602690751198679e-05,0.019276108592748642,0.011285489425063133,0.09046670794487,0.0,0.0,0.0006089340313337743,0.0001352520671551531,,,
1750,True,,,,,0.0,,,,,,0.0037770974449813366,0.05182945728302002,6.701415986754e-05,0.030934518203139305,0.02103629894554615,0.09046699106693268,0.0,0.0,0.0007178967352956533,0.0001349754231068079,,,
1751,True,,,,,0.0,,,,,,0.004539624787867069,0.06698980182409286,3.300779644632712e-05,0.040670931339263916,0.028511149808764458,0.09046725183725357,0.0,0.0,0.0008550059865228832,0.00013469982493851822,,,
1752,True,,,,,0.0,,,,,,0.0031683389097452164,0.043822892010211945,3.9488768379669636e-05,0.028035826981067657,0.019560780376195908,0.09046746790409088,0.0,0.0,0.0008100811974145472,0.00013442527334480342,,,
1753,True,,,,,0.0,,,,,,0.003681313944980502,0.04822942242026329,3.4948010579682887e-05,0.030973268672823906,0.0215468592941761,0.0904676765203476,0.0,0.0,0.0007271087379194796,0.00013415176901754555,,,
1754,True,,,,,0.0,,,,,,0.002686541061848402,0.05322892591357231,7.771810487611219e-05,0.02485978789627552,0.015906818211078644,0.09046778082847595,0.0,0.0,0.0005572065711021423,0.00013387931264598755,,,
1755,True,,,,,0.0,,,,,,0.003953029401600361,0.058856040239334106,3.964715142501518e-05,0.03545990213751793,0.024696767330169678,0.0904679000377655,0.0,0.0,0.0007906751125119627,0.00013360790491673114,,,
1756,True,,,,,0.0,,,,,,0.004048512317240238,0.0562979094684124,7.405754877254367e-05,0.0368587002158165,0.026238685473799706,0.09046816825866699,0.0,0.0,0.000922260747756809,0.00013333754651373585,,,
1757,True,,,,,0.0,,,,,,0.0033842388074845076,0.04201330989599228,4.320435618865304e-05,0.027969328686594963,0.019457470625638962,0.09046857804059982,0.0,0.0,0.00063585169846192,0.0001330682381183167,,,
1758,True,,,,,0.0,,,,,,0.003436093684285879,0.04610586166381836,5.6391079851891845e-05,0.028831759467720985,0.01985219493508339,0.09046893566846848,0.0,0.0,0.0006394386291503906,0.0001327999804091423,,,
1759,True,,,,,0.0,,,,,,0.005116996355354786,0.055305592715740204,2.849699740181677e-05,0.04647652804851532,0.03491003066301346,0.09046930074691772,0.0,0.0,0.0007404458010569215,0.00013253277406223413,,,
1760,True,,,,,0.0,,,,,,0.0046110921539366245,0.0601867139339447,3.9589856896782294e-05,0.03752975910902023,0.025975501164793968,0.09046965837478638,0.0,0.0,0.0006960634491406381,0.00013226661975096365,,,
1761,True,,,,,0.0,,,,,,0.004072715528309345,0.04980645328760147,3.540875331964344e-05,0.03774113208055496,0.027765363454818726,0.09047005325555801,0.0,0.0,0.0008235755376517773,0.00013200151814605143,,,
1762,True,,,,,0.0,,,,,,0.005206357687711716,0.06712184846401215,8.43988309497945e-05,0.04101525992155075,0.028149813413619995,0.09047041088342667,0.0,0.0,0.0009518728475086391,0.00013173746991556505,,,
1763,True,,,,,0.0,,,,,,0.001801500329747796,0.037314772605895996,3.986090814578347e-05,0.018478909507393837,0.012021294794976711,0.0904708132147789,0.0,0.0,0.0005656488356180489,0.00013147447572491762,,,
1764,True,,,,,0.0,,,,,,0.0034329271875321865,0.05046240985393524,7.587712025269866e-05,0.03184816241264343,0.022426344454288483,0.09047115594148636,0.0,0.0,0.0007432068814523518,0.00013121253623686596,,,
1765,True,,,,,0.0,,,,,,0.003083800431340933,0.05336057394742966,4.160811295150779e-05,0.033953405916690826,0.024608027189970016,0.09047146886587143,0.0,0.0,0.000676402822136879,0.00013095165211150908,,,
1766,True,,,,,0.0,,,,,,0.005386410281062126,0.06006162613630295,5.9814046835526824e-05,0.04532228782773018,0.03299508988857269,0.09047185629606247,0.0,0.0,0.0008280858746729791,0.00013069182400628625,,,
1767,True,,,,,0.0,,,,,,0.007379119750112295,0.08325604349374771,2.809911165968515e-05,0.05812430381774902,0.04150080680847168,0.0904722735285759,0.0,0.0,0.0011009781155735254,0.00013043305257597564,,,
1768,True,,,,,0.0,,,,,,0.0013407999649643898,0.03678305447101593,3.861540608340874e-05,0.0144420200958848,0.00849887728691101,0.09047292917966843,0.0,0.0,0.0004209318431094289,0.00013017533847269267,,,
1769,True,,,,,0.0,,,,,,0.002877791877835989,0.057284072041511536,3.6061715945834294e-05,0.028099264949560165,0.018570300191640854,0.09047353267669678,0.0,0.0,0.0007100033108144999,0.00012991868234588815,,,
1770,True,,,,,0.0,,,,,,0.0023917474318295717,0.04700183868408203,8.312696445500478e-05,0.021645329892635345,0.013607094064354897,0.09047412127256393,0.0,0.0,0.0006456128321588039,0.0001296630848423466,,,
1771,True,,,,,0.0,,,,,,0.005920205265283585,0.06991121172904968,3.919290247722529e-05,0.050444237887859344,0.03660856932401657,0.09047471731901169,0.0,0.0,0.0008606589981354773,0.0001294085466061849,,,
1772,True,,,,,0.0,,,,,,0.004576814826577902,0.07241713255643845,7.551786984549835e-05,0.039088282734155655,0.026327243074774742,0.09047527611255646,0.0,0.0,0.0008039665990509093,0.00012915506827885053,,,
1773,True,,,,,0.0,,,,,,0.005220191553235054,0.07394826412200928,4.13468515034765e-05,0.04683751240372658,0.033297065645456314,0.09047585725784302,0.0,0.0,0.0007738088024780154,0.0001289026504991201,,,
1774,True,,,,,0.0,,,,,,0.004550580866634846,0.07280158996582031,6.163567013572901e-05,0.041186343878507614,0.028420019894838333,0.09047649800777435,0.0,0.0,0.0007813284755684435,0.0001286512939030972,,,
1775,True,,,,,0.0,,,,,,0.0039995647966861725,0.053531087934970856,2.938609031843953e-05,0.030860720202326775,0.020588582381606102,0.09047697484493256,0.0,0.0,0.0008504820871166885,0.00012840099912421156,,,
1776,True,,,,,0.0,,,,,,0.006900989916175604,0.0905010774731636,3.944968193536624e-05,0.05171053111553192,0.034834932535886765,0.09047751128673553,0.0,0.0,0.0008715642616152763,0.0001281517667932169,,,
1777,True,,,,,0.0,,,,,,0.00797664187848568,0.07795330882072449,3.47193781635724e-05,0.05920432507991791,0.04251021146774292,0.09047810733318329,0.0,0.0,0.0008345137466676533,0.00012790359753818973,,,
1778,True,,,,,0.0,,,,,,0.0021207579411566257,0.04380899295210838,8.259898459073156e-05,0.021688055247068405,0.014240311458706856,0.09047870337963104,0.0,0.0,0.000617228914052248,0.00012765649198452715,,,
1779,True,,,,,0.0,,,,,,0.001967673422768712,0.03613366559147835,3.901691525243223e-05,0.01861443556845188,0.012109094299376011,0.090479277074337,0.0,0.0,0.0005861225072294474,0.00012741045075494615,,,
1780,True,,,,,0.0,,,,,,0.0034003041218966246,0.05783072113990784,7.493525481550023e-05,0.029536420479416847,0.01941077783703804,0.09047987312078476,0.0,0.0,0.0007985241245478392,0.00012716547446948128,,,
1781,True,,,,,0.0,,,,,,0.0043034786358475685,0.06858876347541809,4.059753700857982e-05,0.03952611982822418,0.027438661083579063,0.09048044681549072,0.0,0.0,0.0007338859140872955,0.0001269215637454835,,,
1782,True,,,,,0.0,,,,,,0.001961048459634185,0.04322744160890579,5.5559881730005145e-05,0.020732177421450615,0.013515794649720192,0.09048096835613251,0.0,0.0,0.0005701931659132242,0.00012667871919761847,,,
1783,True,,,,,0.0,,,,,,0.002426960039883852,0.04834781587123871,2.8387903512339108e-05,0.02329646609723568,0.015115715563297272,0.09048148989677429,0.0,0.0,0.0005359078641049564,0.00012643694143786512,,,
1784,True,,,,,0.0,,,,,,0.002273987978696823,0.0418127104640007,3.899677176377736e-05,0.020176999270915985,0.012797420844435692,0.09048203378915787,0.0,0.0,0.000511223217472434,0.00012619623107551384,,,
1785,True,,,,,0.0,,,,,,0.0022155609913170338,0.03465530276298523,3.4823635360226035e-05,0.02022833749651909,0.013625010848045349,0.09048250317573547,0.0,0.0,0.0006274371407926083,0.0001259565887171654,,,
1786,True,,,,,0.0,,,,,,0.0017383222002536058,0.04757238179445267,7.690233906032518e-05,0.017288189381361008,0.009849349036812782,0.0904829204082489,0.0,0.0,0.0006289866869337857,0.00012571801496672882,,,
1787,True,,,,,0.0,,,,,,0.0015530942473560572,0.04054030403494835,3.8361733459169045e-05,0.015529658645391464,0.00899851880967617,0.09048343449831009,0.0,0.0,0.0006129291723482311,0.00012548051042542054,,,
1788,True,,,,,0.0,,,,,,0.004568692296743393,0.06619247049093246,7.274896779563278e-05,0.040461424738168716,0.028332270681858063,0.09048392623662949,0.0,0.0,0.0007234412478283048,0.00012524407569176226,,,
1789,True,,,,,0.0,,,,,,0.005748897325247526,0.055751994252204895,4.264359813532792e-05,0.04592856019735336,0.03367830067873001,0.09048434346914291,0.0,0.0,0.0008952941279858351,0.00012500871136157996,,,
1790,True,,,,,0.0,,,,,,0.0027114930562675,0.05767679214477539,5.6342396419495344e-05,0.024284562095999718,0.014872370287775993,0.0904848501086235,0.0,0.0,0.0006400216370820999,0.0001247744180280019,,,
1791,True,,,,,0.0,,,,,,0.004675240255892277,0.06183094158768654,2.978117481688969e-05,0.03876566141843796,0.026987580582499504,0.09048525989055634,0.0,0.0,0.0008154051029123366,0.00012454119628145754,,,
1792,True,,,,,0.0,,,,,,0.0033583526965230703,0.059754665940999985,3.989683682448231e-05,0.028187651187181473,0.01792902685701847,0.09048578143119812,0.0,0.0,0.0006437554256990552,0.00012430904670967597,,,
1793,True,,,,,0.0,,,,,,0.003720500972121954,0.06614850461483002,3.528774686856195e-05,0.0329769141972065,0.021719057112932205,0.09048623591661453,0.0,0.0,0.0006550648249685764,0.00012407796989768414,,,
1794,True,,,,,0.0,,,,,,0.003777154488489032,0.04151212424039841,7.79011461418122e-05,0.031249841675162315,0.022377658635377884,0.09048651903867722,0.0,0.0,0.0007742383168078959,0.00012384796642780568,,,
1795,True,,,,,0.0,,,,,,0.006559496279805899,0.0805363655090332,3.840327190118842e-05,0.04931006208062172,0.03377285972237587,0.09048686921596527,0.0,0.0,0.0010141965467482805,0.00012361903687965945,,,
1796,True,,,,,0.0,,,,,,0.0014454679330810905,0.029238954186439514,7.438178727170452e-05,0.015162393450737,0.009850965812802315,0.09048731625080109,0.0,0.0,0.0005917655071243644,0.00012339118183015796,,,
1797,True,,,,,0.0,,,,,,0.004871548153460026,0.04563063755631447,4.396996519062668e-05,0.04027161747217178,0.029910143464803696,0.09048771113157272,0.0,0.0,0.0009054372203536332,0.00012316440185350575,,,
1798,True,,,,,0.0,,,,,,0.001907069468870759,0.03619025647640228,5.726618110202253e-05,0.01800229772925377,0.011542689055204391,0.09048811346292496,0.0,0.0,0.0005898251547478139,0.0001229386975211983,,,
1799,True,,,,,0.0,,,,,,0.002123227808624506,0.04013879597187042,2.8586779080796987e-05,0.020638873800635338,0.013582589104771614,0.09048845618963242,0.0,0.0,0.00055756198707968,0.0001227140694020204,,,
1800,True,,,,,0.0,,,,,,0.0018093468388542533,0.03382743522524834,3.9223366911755875e-05,0.018257176503539085,0.012140586972236633,0.09048881381750107,0.0,0.0,0.0005496995872817934,0.00012249051806204482,0.000334801702630844,0.0003874020440598672,1.3773756197960993e-05
1801,True,,,,,0.0,,,,,,0.004053641576319933,0.061531372368335724,3.4651850000955164e-05,0.04084400460124016,0.029715009033679962,0.09048916399478912,0.0,0.0,0.000871553085744381,0.0001222680440646305,,,
1802,True,,,,,0.0,,,,,,0.0014491243055090308,0.04037464037537575,7.744383037788793e-05,0.013810102827847004,0.007379897870123386,0.09048943966627121,0.0,0.0,0.0004966948181390762,0.00012204664797042176,,,
1803,True,,,,,0.0,,,,,,0.003117052838206291,0.04640689492225647,3.842420119326562e-05,0.028726965188980103,0.020045112818479538,0.0904897078871727,0.0,0.0,0.0006390722119249403,0.00012182633033734638,,,
1804,True,,,,,0.0,,,,,,0.0017967720050364733,0.056528180837631226,7.283596642082557e-05,0.021676912903785706,0.013286005705595016,0.09048992395401001,0.0,0.0,0.0005250856629572809,0.00012160709172061444,,,
1805,True,,,,,0.0,,,,,,0.002863712143152952,0.058430757373571396,4.285336399334483e-05,0.02829921804368496,0.01866610161960125,0.09049013257026672,0.0,0.0,0.0007391987019218504,0.00012138893267271679,,,
1806,True,,,,,0.0,,,,,,0.00269878632389009,0.05388224124908447,5.7330031268065795e-05,0.025887958705425262,0.01686738058924675,0.09049034118652344,0.0,0.0,0.0005136321997269988,0.00012117185374342383,,,
1807,True,,,,,0.0,,,,,,0.0020554326474666595,0.035743918269872665,2.788954952848144e-05,0.020131411030888557,0.013582735322415829,0.09049057215452194,0.0,0.0,0.0006508119986392558,0.00012095585547978385,,,
1808,True,,,,,0.0,,,,,,0.0034323236905038357,0.06311697512865067,3.896008274750784e-05,0.03111100010573864,0.02044259011745453,0.09049082547426224,0.0,0.0,0.0005867101135663688,0.00012074093842612205,,,
1809,True,,,,,0.0,,,,,,0.0024773404002189636,0.05571729317307472,3.501223909552209e-05,0.02278001606464386,0.01380852796137333,0.09049117565155029,0.0,0.0,0.0005980971618555486,0.0001205271031240386,,,
1810,True,,,,,0.0,,,,,,0.004152726382017136,0.06164192780852318,7.782909233355895e-05,0.03595063462853432,0.02468988671898842,0.09049148857593536,0.0,0.0,0.0007342595490626991,0.00012031435011240787,,,
1811,True,,,,,0.0,,,,,,0.004499661270529032,0.05664747953414917,3.935524364351295e-05,0.040259283035993576,0.02917027845978737,0.09049185365438461,0.0,0.0,0.0007850269903428853,0.00012010267992737675,,,
1812,True,,,,,0.0,,,,,,0.002263300586491823,0.045563939958810806,7.668316538911313e-05,0.02207271009683609,0.014309750869870186,0.09049225598573685,0.0,0.0,0.000560820335522294,0.00011989209310236345,,,
1813,True,,,,,0.0,,,,,,0.004826135002076626,0.0661192536354065,4.1848281398415565e-05,0.03987434506416321,0.02751043438911438,0.09049263596534729,0.0,0.0,0.0007922025979496539,0.00011968259016805583,,,
1814,True,,,,,0.0,,,,,,0.004649646580219269,0.06397805362939835,6.221733201527968e-05,0.04376937076449394,0.03178587555885315,0.09049317240715027,0.0,0.0,0.0008334511076100171,0.00011947417165241043,,,
1815,True,,,,,0.0,,,,,,0.0032877991907298565,0.058835819363594055,2.9836555768270046e-05,0.033131834119558334,0.023040596395730972,0.09049379825592041,0.0,0.0,0.0006696783821098506,0.00011926683808065105,,,
1816,True,,,,,0.0,,,,,,0.006438282784074545,0.06425021588802338,3.939511952921748e-05,0.05584773048758507,0.04205978661775589,0.09049428254365921,0.0,0.0,0.001105025876313448,0.00011906058997526736,,,
1817,True,,,,,0.0,,,,,,0.0026133970823138952,0.0418962687253952,3.6080789868719876e-05,0.02259906195104122,0.014873048290610313,0.09049490839242935,0.0,0.0,0.0006023940513841808,0.0001188554278560136,,,
1818,True,,,,,0.0,,,,,,0.006252193357795477,0.07663030922412872,8.300915214931592e-05,0.04769721254706383,0.03283552825450897,0.09049549698829651,0.0,0.0,0.0008543154690414667,0.00011865135223990718,,,
1819,True,,,,,0.0,,,,,,0.0027336578350514174,0.0584651343524456,4.063914457219653e-05,0.02799586020410061,0.01849040947854519,0.09049604088068008,0.0,0.0,0.0006179846823215485,0.00011844836364122769,,,
1820,True,,,,,0.0,,,,,,0.003331152256578207,0.04277566447854042,7.586063293274492e-05,0.02894333377480507,0.020391717553138733,0.09049655497074127,0.0,0.0,0.0008124063606373966,0.00011824646257151522,,,
1821,True,,,,,0.0,,,,,,0.0007613039342686534,0.026378629729151726,4.1711231460794806e-05,0.008128482848405838,0.003803489962592721,0.09049711376428604,0.0,0.0,0.0004044643428642303,0.00011804564953956925,,,
1822,True,,,,,0.0,,,,,,0.0021603736095130444,0.05152193456888199,6.436475086957216e-05,0.021924259141087532,0.013674534857273102,0.09049756079912186,0.0,0.0,0.0005801448132842779,0.00011784592505144736,,,
1823,True,,,,,0.0,,,,,,0.00337312463670969,0.048965342342853546,2.9568309400929138e-05,0.0295693501830101,0.0203799270093441,0.09049803018569946,0.0,0.0,0.0006767293671146035,0.00011764728961046402,,,
1824,True,,,,,0.0,,,,,,0.003686643671244383,0.06956055760383606,3.935097993235104e-05,0.033983975648880005,0.0224166139960289,0.09049849957227707,0.0,0.0,0.0006165098748169839,0.0001174497437171893,,,
1825,True,,,,,0.0,,,,,,0.002298970241099596,0.03954736143350601,3.396027022972703e-05,0.022215144708752632,0.015039467252790928,0.09049895405769348,0.0,0.0,0.0006406106986105442,0.00011725328786944731,,,
1826,True,,,,,0.0,,,,,,0.0030690375715494156,0.049298472702503204,7.961454684846103e-05,0.02756853960454464,0.01862485148012638,0.09049943834543228,0.0,0.0,0.0006499905721284449,0.00011705792256231543,,,
1827,True,,,,,0.0,,,,,,0.0033643345814198256,0.06946516036987305,3.9548489439766854e-05,0.031088367104530334,0.019852742552757263,0.0904998928308487,0.0,0.0,0.0006099972524680197,0.0001168636482881229,,,
1828,True,,,,,0.0,,,,,,0.00431742612272501,0.06006158888339996,7.329537766054273e-05,0.03821641206741333,0.026951177045702934,0.09050028026103973,0.0,0.0,0.0007731448858976364,0.00011667046553644915,,,
1829,True,,,,,0.0,,,,,,0.001050808117724955,0.02531244233250618,4.420479672262445e-05,0.009571877308189869,0.005062716081738472,0.09050062298774719,0.0,0.0,0.0004020618216600269,0.00011647837479412327,,,
1830,True,,,,,0.0,,,,,,0.0029078104998916388,0.044906824827194214,5.640548624796793e-05,0.028696969151496887,0.020365264266729355,0.09050088375806808,0.0,0.0,0.0007857662858441472,0.0001162873765452223,,,
1831,True,,,,,0.0,,,,,,0.00320622231811285,0.05691077187657356,3.12848060275428e-05,0.029118496924638748,0.019300542771816254,0.09050120413303375,0.0,0.0,0.0009040702134370804,0.00011609747127107017,,,
1832,True,,,,,0.0,,,,,,0.0019064884399995208,0.04164833948016167,3.9044087316142395e-05,0.018739094957709312,0.01174323633313179,0.09050147980451584,0.0,0.0,0.000547475996427238,0.00011590865945023647,,,
1833,True,,,,,0.0,,,,,,0.0030257897451519966,0.05479451268911362,3.48321846104227e-05,0.027330387383699417,0.017902711406350136,0.09050179272890091,0.0,0.0,0.0006851263460703194,0.00011572094155853521,,,
1834,True,,,,,0.0,,,,,,0.0024517150595784187,0.035250965505838394,7.75310181779787e-05,0.021229175850749016,0.01430857926607132,0.09050194174051285,0.0,0.0,0.0005682922783307731,0.00011553431806902372,,,
1835,True,,,,,0.0,,,,,,0.0018923411844298244,0.033508531749248505,3.871406806865707e-05,0.01786757819354534,0.011700005270540714,0.09050218015909195,0.0,0.0,0.0004997173673473299,0.00011534878945200131,,,
1836,True,,,,,0.0,,,,,,0.004378621466457844,0.06542585790157318,7.300075958482921e-05,0.03878019377589226,0.026917463168501854,0.09050238132476807,0.0,0.0,0.0007490005809813738,0.00011516435617500821,,,
1837,True,,,,,0.0,,,,,,0.0015651036519557238,0.043255534023046494,4.415467265062034e-05,0.017535611987113953,0.010717852041125298,0.09050263464450836,0.0,0.0,0.0005142301088199019,0.00011498101870282426,,,
1838,True,,,,,0.0,,,,,,0.0041410247795283794,0.054846178740262985,6.112761911936104e-05,0.03542454540729523,0.024863310158252716,0.09050289541482925,0.0,0.0,0.000727103790268302,0.00011479877749746799,,,
1839,True,,,,,0.0,,,,,,0.004359612241387367,0.05038980394601822,2.936138480436057e-05,0.038799263536930084,0.028480958193540573,0.09050329774618149,0.0,0.0,0.0007642660057172179,0.00011461763301819521,,,
1840,True,,,,,0.0,,,,,,0.004310778342187405,0.05832505598664284,3.961286711273715e-05,0.03794202581048012,0.02687389776110649,0.09050370752811432,0.0,0.0,0.0008062614942900836,0.00011443758572149782,,,
1841,True,,,,,0.0,,,,,,0.0054147085174918175,0.06888189911842346,3.5277662391308695e-05,0.0472063273191452,0.03398074954748154,0.0905040055513382,0.0,0.0,0.0008578312699683011,0.00011425863606110287,,,
1842,True,,,,,0.0,,,,,,0.0028746274765580893,0.05361371487379074,8.291981066577137e-05,0.025333983823657036,0.01615148037672043,0.09050436317920685,0.0,0.0,0.0007215879741124809,0.0001140807844879714,,,
1843,True,,,,,0.0,,,,,,0.0027129705995321274,0.039871472865343094,3.9171252865344286e-05,0.024091612547636032,0.016466859728097916,0.0905047282576561,0.0,0.0,0.0007413121056742966,0.00011390403145029713,,,
1844,True,,,,,0.0,,,,,,0.00247189961373806,0.051121026277542114,7.332488166866824e-05,0.022614920511841774,0.014089204370975494,0.09050513058900833,0.0,0.0,0.0006066204514354467,0.00011372837739350535,,,
1845,True,,,,,0.0,,,,,,0.00264476565644145,0.05739749222993851,4.366128268884495e-05,0.025786159560084343,0.016474759206175804,0.09050551801919937,0.0,0.0,0.0005615935078822076,0.00011355382276025205,,,
1846,True,,,,,0.0,,,,,,0.0021619400940835476,0.05075521767139435,5.589436477748677e-05,0.021674351766705513,0.01350388303399086,0.09050589054822922,0.0,0.0,0.0005123118753544986,0.00011338036799042246,,,
1847,True,,,,,0.0,,,,,,0.005293422844260931,0.06799323111772537,2.833294274751097e-05,0.0375511460006237,0.024539168924093246,0.09050632268190384,0.0,0.0,0.0008316907333210111,0.00011320801352113028,,,
1848,True,,,,,0.0,,,,,,0.005586237646639347,0.06523893773555756,3.8348422094713897e-05,0.053391680121421814,0.040357306599617004,0.09050668030977249,0.0,0.0,0.001184998662211001,0.00011303675978671612,,,
1849,True,,,,,0.0,,,,,,0.0021812766790390015,0.0502815917134285,3.4001168387476355e-05,0.02287149243056774,0.014739982783794403,0.09050721675157547,0.0,0.0,0.00047905443352647126,0.000112866607218747,,,
1850,True,,,,,0.0,,,,,,0.005897547118365765,0.07557286322116852,7.682426075916737e-05,0.055765096098184586,0.04136677086353302,0.09050768613815308,0.0,0.0,0.0008561902795918286,0.0001126975562460148,,,
1851,True,,,,,0.0,,,,,,0.0029519933741539717,0.05688885226845741,3.963881317758933e-05,0.02832121215760708,0.018755432218313217,0.09050815552473068,0.0,0.0,0.0005428353324532509,0.00011252960729453536,,,
1852,True,,,,,0.0,,,,,,0.0027768004219979048,0.047761667519807816,7.217903475975618e-05,0.026747800409793854,0.018253657966852188,0.0905085951089859,0.0,0.0,0.0006100382306613028,0.00011236276078754732,,,
1853,True,,,,,0.0,,,,,,0.0036867577582597733,0.0757032185792923,4.2301369830965996e-05,0.041990235447883606,0.029806915670633316,0.09050904214382172,0.0,0.0,0.0008427409338764846,0.00011219701714551119,,,
1854,True,,,,,0.0,,,,,,0.003874878864735365,0.047999076545238495,6.0329417465254664e-05,0.030888216570019722,0.021278170868754387,0.09050946682691574,0.0,0.0,0.0007553783361800015,0.00011203237678610821,,,
1855,True,,,,,0.0,,,,,,0.0036906858440488577,0.05600140243768692,2.8366885089781135e-05,0.029967984184622765,0.01975787617266178,0.09050986170768738,0.0,0.0,0.0005695801228284836,0.0001118688401242393,,,
1856,True,,,,,0.0,,,,,,0.0016980674117803574,0.04513207823038101,3.904599361703731e-05,0.017102772369980812,0.009966871701180935,0.0905102789402008,0.0,0.0,0.000529759912751615,0.00011170640757202384,,,
1857,True,,,,,0.0,,,,,,0.0063720447942614555,0.06627944856882095,3.483243563096039e-05,0.049966614693403244,0.036044102162122726,0.09051062911748886,0.0,0.0,0.0010905112139880657,0.0001115450795387991,,,
1858,True,,,,,0.0,,,,,,0.0034358170814812183,0.04875100404024124,7.777374412398785e-05,0.03200303390622139,0.02274812012910843,0.09051092714071274,0.0,0.0,0.0006858682609163225,0.00011138485643111872,,,
1859,True,,,,,0.0,,,,,,0.0056841326877474785,0.0668453574180603,3.968051169067621e-05,0.0528959296643734,0.039602309465408325,0.0905112475156784,0.0,0.0,0.0010642121778801084,0.00011122573865275197,,,
1860,True,,,,,0.0,,,,,,0.005901006516069174,0.07336609065532684,7.408709643641487e-05,0.05058088153600693,0.03640110790729523,0.09051159769296646,0.0,0.0,0.0008671584073454142,0.0001110677266046825,,,
1861,True,,,,,0.0,,,,,,0.0053958529606461525,0.06533047556877136,4.341869498603046e-05,0.04464126378297806,0.03178553655743599,0.0905119851231575,0.0,0.0,0.0008997144177556038,0.00011091082068510766,,,
1862,True,,,,,0.0,,,,,,0.003606028389185667,0.05550595372915268,6.159958866192028e-05,0.03257988765835762,0.022487342357635498,0.09051243960857391,0.0,0.0,0.000717366230674088,0.00011075502128943723,,,
1863,True,,,,,0.0,,,,,,0.00492716021835804,0.07589194178581238,2.8810489311581478e-05,0.044067636132240295,0.03063175082206726,0.09051280468702316,0.0,0.0,0.0009122861665673554,0.00011060032881029241,,,
1864,True,,,,,0.0,,,,,,0.004957766737788916,0.06371617317199707,4.086030094185844e-05,0.04450593888759613,0.03225099295377731,0.09051311016082764,0.0,0.0,0.0009037632844410837,0.00011044674363750507,,,
1865,True,,,,,0.0,,,,,,0.002720471005886793,0.04862062633037567,3.605601887102239e-05,0.023873381316661835,0.015367686748504639,0.09051340818405151,0.0,0.0,0.0007058961200527847,0.0001102942661581165,,,
1866,True,,,,,0.0,,,,,,0.00324981939047575,0.054442279040813446,8.455786155536771e-05,0.03174861520528793,0.02210715040564537,0.09051374346017838,0.0,0.0,0.0008664217893965542,0.00011014289675637667,,,
1867,True,,,,,0.0,,,,,,0.006923647131770849,0.06928110867738724,4.000567423645407e-05,0.05515000969171524,0.04037310928106308,0.09051398932933807,0.0,0.0,0.0009090161765925586,0.00010999263581374296,,,
1868,True,,,,,0.0,,,,,,0.0033352384343743324,0.06305047869682312,7.568729051854461e-05,0.028380217030644417,0.017796944826841354,0.09051433205604553,0.0,0.0,0.0006173814181238413,0.00010984348370887964,,,
1869,True,,,,,0.0,,,,,,0.0014892177423462272,0.037628889083862305,4.5550910726888105e-05,0.015673808753490448,0.009493780322372913,0.09051461517810822,0.0,0.0,0.0005575023824349046,0.00010969544081765645,,,
1870,True,,,,,0.0,,,,,,0.0017643028404563665,0.03680321201682091,5.8578007156029344e-05,0.017439264804124832,0.011060203425586224,0.0905148908495903,0.0,0.0,0.0006342998240143061,0.00010954850751314796,,,
1871,True,,,,,0.0,,,,,,0.00134881807025522,0.042379364371299744,2.9854838430765085e-05,0.013775289990007877,0.00726845720782876,0.09051513671875,0.0,0.0,0.0005166649352759123,0.00010940268416563255,,,
1872,True,,,,,0.0,,,,,,0.0035176805686205626,0.04523542523384094,3.911216845153831e-05,0.03060438670217991,0.021638453006744385,0.09051540493965149,0.0,0.0,0.0006925107445567846,0.0001092579711425914,,,
1873,True,,,,,0.0,,,,,,0.005982492119073868,0.05737088620662689,3.555774310370907e-05,0.04302476346492767,0.030382247641682625,0.09051573276519775,0.0,0.0,0.0009384372388012707,0.0001091143688087076,,,
1874,True,,,,,0.0,,,,,,0.0015329315792769194,0.04742192476987839,7.831586117390543e-05,0.017025217413902283,0.00980577152222395,0.09051626920700073,0.0,0.0,0.0004704206658061594,0.0001089718775258654,,,
1875,True,,,,,0.0,,,,,,0.00233101611956954,0.04249972850084305,3.977346568717621e-05,0.02082054316997528,0.013314500451087952,0.09051679074764252,0.0,0.0,0.000460469484096393,0.00010883049765314894,,,
1876,True,,,,,0.0,,,,,,0.005614876747131348,0.06837527453899384,7.674668449908495e-05,0.052732210606336594,0.03933626040816307,0.09051727503538132,0.0,0.0,0.0012260042130947113,0.00010869022954684177,,,
1877,True,,,,,0.0,,,,,,0.0024076304398477077,0.05678579956293106,4.1997784137493e-05,0.024252846837043762,0.015240458771586418,0.09051787108182907,0.0,0.0,0.00055879499996081,0.00010855107356042557,,,
1878,True,,,,,0.0,,,,,,0.004285992588847876,0.06022757291793823,6.269258301472291e-05,0.036475084722042084,0.0252298004925251,0.09051843732595444,0.0,0.0,0.00074067956302315,0.00010841303004457954,,,
1879,True,,,,,0.0,,,,,,0.002122205216437578,0.043186698108911514,2.92074528260855e-05,0.018574776127934456,0.011214107275009155,0.09051895886659622,0.0,0.0,0.0006919001461938024,0.00010827609934717936,,,
1880,True,,,,,0.0,,,,,,0.005963032599538565,0.05075845867395401,3.952863335143775e-05,0.05122806131839752,0.03926422446966171,0.09051951766014099,0.0,0.0,0.001237989403307438,0.00010814028181329632,,,
1881,True,,,,,0.0,,,,,,0.002844740403816104,0.05346622318029404,3.662038943730295e-05,0.025870567187666893,0.016755692660808563,0.0905202254652977,0.0,0.0,0.0006529864040203393,0.00010800557778519662,,,
1882,True,,,,,0.0,,,,,,0.001948293298482895,0.0355534702539444,8.317269384860992e-05,0.018958400934934616,0.012507964856922626,0.09052088111639023,0.0,0.0,0.0005853957263752818,0.00010787198760234032,,,
1883,True,,,,,0.0,,,,,,0.0022915424779057503,0.03776627406477928,4.005969822173938e-05,0.020293334499001503,0.013299918733537197,0.09052150696516037,0.0,0.0,0.0005933112115599215,0.00010773951160138037,,,
1884,True,,,,,0.0,,,,,,0.004889520816504955,0.06052638217806816,7.638319948455319e-05,0.0407591238617897,0.028873547911643982,0.0905221477150917,0.0,0.0,0.0008648799266666174,0.00010760815011616214,,,
1885,True,,,,,0.0,,,,,,0.006281805224716663,0.07371418178081512,4.193389759166166e-05,0.04267532750964165,0.0280959103256464,0.09052276611328125,0.0,0.0,0.0007362707983702421,0.00010747790347772237,,,
1886,True,,,,,0.0,,,,,,0.0038957984652370214,0.05145402252674103,5.836798663949594e-05,0.033724576234817505,0.023748956620693207,0.09052328020334244,0.0,0.0,0.0008326530223712325,0.00010734877201428818,,,
1887,True,,,,,0.0,,,,,,0.003693230450153351,0.05253753066062927,2.8286754968576133e-05,0.028363903984427452,0.018497539684176445,0.0905238687992096,0.0,0.0,0.0007041689241304994,0.00010722075605127658,,,
1888,True,,,,,0.0,,,,,,0.002945164917036891,0.059285953640937805,3.954233034164645e-05,0.030389295890927315,0.02059052139520645,0.09052439779043198,0.0,0.0,0.0006589574622921646,0.00010709385591129335,,,
1889,True,,,,,0.0,,,,,,0.0035263169556856155,0.05713026970624924,3.821541031356901e-05,0.02961815521121025,0.019454455003142357,0.09052495658397675,0.0,0.0,0.0007329910877160728,0.00010696807191413233,,,
1890,True,,,,,0.0,,,,,,0.005301698110997677,0.06399670243263245,7.788829680066556e-05,0.04224768653512001,0.02960212156176567,0.09052543342113495,0.0,0.0,0.0008910169126465917,0.00010684340437677484,,,
1891,True,,,,,0.0,,,,,,0.0021471730433404446,0.04022812843322754,3.899000876117498e-05,0.019307948648929596,0.012213209643959999,0.09052591025829315,0.0,0.0,0.0006148643442429602,0.00010671985361338838,,,
1892,True,,,,,0.0,,,,,,0.0019628331065177917,0.04703693836927414,7.3003422585316e-05,0.019150933250784874,0.011542640626430511,0.09052636474370956,0.0,0.0,0.0005048646125942469,0.00010659741993532628,,,
1893,True,,,,,0.0,,,,,,0.0027790162712335587,0.04397875815629959,4.3272033508401364e-05,0.024615824222564697,0.016512028872966766,0.09052673727273941,0.0,0.0,0.0006503246841020882,0.0001064761036511268,,,
1894,True,,,,,0.0,,,,,,0.005487258546054363,0.06845755875110626,5.675429565599188e-05,0.04670821502804756,0.03344155102968216,0.09052713215351105,0.0,0.0,0.0009095398709177971,0.00010635590506651226,,,
1895,True,,,,,0.0,,,,,,0.003826737869530916,0.04751918464899063,2.799753929139115e-05,0.029886731877923012,0.020388804376125336,0.09052741527557373,0.0,0.0,0.0007721958681941032,0.00010623682448438836,,,
1896,True,,,,,0.0,,,,,,0.003556213341653347,0.04683578014373779,3.894648398272693e-05,0.030812451615929604,0.02164791151881218,0.09052769839763641,0.0,0.0,0.0005437619984149933,0.00010611886220484329,,,
1897,True,,,,,0.0,,,,,,0.0027260594069957733,0.059717752039432526,3.399635897949338e-05,0.025109827518463135,0.015489716082811356,0.09052790701389313,0.0,0.0,0.0006448652129620314,0.00010600201852514723,,,
1898,True,,,,,0.0,,,,,,0.0038243047893047333,0.048944782465696335,7.684595038881525e-05,0.031003382056951523,0.02134089544415474,0.09052817523479462,0.0,0.0,0.0008070822223089635,0.00010588629373975132,,,
1899,True,,,,,0.0,,,,,,0.004014071077108383,0.06097365543246269,3.884755278704688e-05,0.038123827427625656,0.027087680995464325,0.09052849560976028,0.0,0.0,0.0007466180832125247,0.00010577168814028705,,,
1900,True,,,,,0.0,,,,,,0.003218992380425334,0.05331209674477577,7.326950435526669e-05,0.030644921585917473,0.02115279622375965,0.09052878618240356,0.0,0.0,0.0006426430772989988,0.00010565820201556558,0.0003865071594781066,0.0004857092512834485,2.5519771127194164e-05
1901,True,,,,,0.0,,,,,,0.0025949692353606224,0.04031708091497421,4.247161268722266e-05,0.021264875307679176,0.01371167041361332,0.09052913635969162,0.0,0.0,0.0006725011626258492,0.0001055458356515769,,,
1902,True,,,,,0.0,,,,,,0.0033324402756989002,0.05663859844207764,5.7266872317995876e-05,0.03284524381160736,0.022915014997124672,0.0905294194817543,0.0,0.0,0.0007882309728302062,0.0001054345893314891,,,
1903,True,,,,,0.0,,,,,,0.002164999023079872,0.037284575402736664,2.8834834665758535e-05,0.020330654457211494,0.013517482206225395,0.09052984416484833,0.0,0.0,0.0006387639441527426,0.00010532446333564781,,,
1904,True,,,,,0.0,,,,,,0.002804350107908249,0.04470877721905708,3.925495548173785e-05,0.02440217137336731,0.016202013939619064,0.0905301421880722,0.0,0.0,0.0007592372712679207,0.0001052154579415753,,,
1905,True,,,,,0.0,,,,,,0.004396737553179264,0.07073333859443665,3.309341991553083e-05,0.036127448081970215,0.023735525086522102,0.09053048491477966,0.0,0.0,0.0005983570008538663,0.00010510757342397005,,,
1906,True,,,,,0.0,,,,,,0.002620528219267726,0.05697770416736603,7.783006003592163e-05,0.02566535957157612,0.01640283688902855,0.09053082019090652,0.0,0.0,0.0006711736205033958,0.00010500081005470561,,,
1907,True,,,,,0.0,,,,,,0.0036834198981523514,0.050770461559295654,4.0237660869024694e-05,0.03226564824581146,0.022579750046133995,0.090531125664711,0.0,0.0,0.000663537357468158,0.00010489516810283035,,,
1908,True,,,,,0.0,,,,,,0.0045508574694395065,0.05859125033020973,7.694511441513896e-05,0.034586064517498016,0.023232296109199524,0.09053144603967667,0.0,0.0,0.0008267333032563329,0.00010479064783456665,,,
1909,True,,,,,0.0,,,,,,0.0038518356159329414,0.05340149253606796,4.4024185626767576e-05,0.03204889968037605,0.021929586306214333,0.09053178131580353,0.0,0.0,0.000676395429763943,0.0001046872495133102,,,
1910,True,,,,,0.0,,,,,,0.0022115944884717464,0.039614226669073105,5.769748167949729e-05,0.02148282714188099,0.014375638216733932,0.09053225070238113,0.0,0.0,0.0007968393620103598,0.00010458497339962916,,,
1911,True,,,,,0.0,,,,,,0.005998702719807625,0.0657767802476883,2.8394628316164017e-05,0.04776307940483093,0.03426717221736908,0.09053265303373337,0.0,0.0,0.0010022929636761546,0.00010448381975126387,,,
1912,True,,,,,0.0,,,,,,0.0033311937004327774,0.04234689474105835,3.860016295220703e-05,0.0245271734893322,0.016036659479141235,0.09053313732147217,0.0,0.0,0.0007589389570057392,0.00010438378882312597,,,
1913,True,,,,,0.0,,,,,,0.004022134933620691,0.05832245200872421,3.540528268786147e-05,0.03786248713731766,0.027085069566965103,0.09053361415863037,0.0,0.0,0.0007843808270990849,0.0001042848808672977,,,
1914,True,,,,,0.0,,,,,,0.004933721851557493,0.05644218623638153,7.848700624890625e-05,0.04291020333766937,0.031387679278850555,0.09053415060043335,0.0,0.0,0.0008026810828596354,0.00010418709613303144,,,
1915,True,,,,,0.0,,,,,,0.002407866297289729,0.04668097198009491,3.967661541537382e-05,0.023448973894119263,0.0154478270560503,0.09053461253643036,0.0,0.0,0.0006744427373632789,0.00010409043486674903,,,
1916,True,,,,,0.0,,,,,,0.004436948802322149,0.06940688192844391,7.44766293792054e-05,0.038876764476299286,0.02655654028058052,0.09053501486778259,0.0,0.0,0.0006763835554011166,0.00010399489731204107,,,
1917,True,,,,,0.0,,,,,,0.0017298695165663958,0.033234547823667526,4.3140764319105074e-05,0.016661055386066437,0.010680805891752243,0.09053535014390945,0.0,0.0,0.0005251544062048197,0.00010390048370966635,,,
1918,True,,,,,0.0,,,,,,0.0031338133849203587,0.04834523797035217,5.7633136748336256e-05,0.026802290230989456,0.017899777740240097,0.09053566306829453,0.0,0.0,0.0007567539578303695,0.00010380719429755126,,,
1919,True,,,,,0.0,,,,,,0.002633277326822281,0.04992309957742691,2.9492968678823672e-05,0.022685160860419273,0.014139467850327492,0.09053594619035721,0.0,0.0,0.0006390672642737627,0.00010371502931078926,,,
1920,True,,,,,0.0,,,,,,0.004631984978914261,0.062443919479846954,3.935510176233947e-05,0.03933890163898468,0.027537481859326363,0.09053628891706467,0.0,0.0,0.0010251388885080814,0.00010362398898164005,,,
1921,True,,,,,0.0,,,,,,0.002583350520581007,0.03836439922451973,3.520838436088525e-05,0.02496837079524994,0.017625609412789345,0.09053672850131989,0.0,0.0,0.000639972451608628,0.00010353407353952934,,,
1922,True,,,,,0.0,,,,,,0.003307125298306346,0.05089189484715462,7.85131414886564e-05,0.027616742998361588,0.018275799229741096,0.09053719788789749,0.0,0.0,0.0006760048563592136,0.00010344528321104786,,,
1923,True,,,,,0.0,,,,,,0.0038704019971191883,0.053823210299015045,3.909062434104271e-05,0.03364655002951622,0.023468906059861183,0.0905376672744751,0.0,0.0,0.0006315791979432106,0.00010335761821995115,,,
1924,True,,,,,0.0,,,,,,0.0023134355433285236,0.04713122546672821,7.303492748178542e-05,0.0218416266143322,0.01387316919863224,0.09053809195756912,0.0,0.0,0.00048508241889066994,0.0001032710787871588,,,
1925,True,,,,,0.0,,,,,,0.006549718789756298,0.06624004989862442,4.1472198063274845e-05,0.05316241830587387,0.03906257450580597,0.09053847193717957,0.0,0.0,0.0010171879548579454,0.00010318566513075406,,,
1926,True,,,,,0.0,,,,,,0.002050125738605857,0.04289928078651428,5.996137042529881e-05,0.022240256890654564,0.014964833855628967,0.09053894132375717,0.0,0.0,0.0006117476150393486,0.00010310137746598295,,,
1927,True,,,,,0.0,,,,,,0.002974532078951597,0.04800751805305481,2.8288028261158615e-05,0.029348930343985558,0.020654108375310898,0.09053938835859299,0.0,0.0,0.0007481439970433712,0.00010301821600525412,,,
1928,True,,,,,0.0,,,,,,0.0042644524946808815,0.0562698170542717,3.9199348975671455e-05,0.03764425963163376,0.026827827095985413,0.09053990244865417,0.0,0.0,0.0007498115883208811,0.00010293618095813809,,,
1929,True,,,,,0.0,,,,,,0.00566236674785614,0.05962299928069115,3.5535584174795076e-05,0.048116739839315414,0.035568900406360626,0.09054044634103775,0.0,0.0,0.000960861099883914,0.0001028552725313668,,,
1930,True,,,,,0.0,,,,,,0.00501318508759141,0.056076835840940475,8.309548138640821e-05,0.04190490022301674,0.030337072908878326,0.09054086357355118,0.0,0.0,0.0007605109713040292,0.00010277549092883288,,,
1931,True,,,,,0.0,,,,,,0.0029332428239285946,0.055347129702568054,4.00665812776424e-05,0.026936965063214302,0.01754356548190117,0.09054121375083923,0.0,0.0,0.0006189134437590837,0.00010269683635158957,,,
1932,True,,,,,0.0,,,,,,0.0030939276330173016,0.06345434486865997,7.586699211969972e-05,0.026862861588597298,0.016480151563882828,0.09054151177406311,0.0,0.0,0.0007074187742546201,0.00010261930899784984,,,
1933,True,,,,,0.0,,,,,,0.002002529799938202,0.03412158787250519,4.145056300330907e-05,0.020783759653568268,0.0144429262727499,0.09054183959960938,0.0,0.0,0.000675295596010983,0.00010254290906298596,,,
1934,True,,,,,0.0,,,,,,0.0035089459270238876,0.052750371396541595,5.813726966152899e-05,0.03462657704949379,0.02490810491144657,0.09054215252399445,0.0,0.0,0.0007698111003264785,0.00010246763673952914,,,
1935,True,,,,,0.0,,,,,,0.0027469859924167395,0.05662767216563225,2.88063456537202e-05,0.026901602745056152,0.01757202297449112,0.09054248034954071,0.0,0.0,0.0006418791599571705,0.00010239349221716882,,,
1936,True,,,,,0.0,,,,,,0.0031647912692278624,0.050718940794467926,3.942605326301418e-05,0.03034749999642372,0.021185671910643578,0.09054281562566757,0.0,0.0,0.0007690964266657829,0.0001023204756827526,,,
1937,True,,,,,0.0,,,,,,0.0034440066665410995,0.06608033180236816,3.510896203806624e-05,0.03515027463436127,0.0241752490401268,0.09054318815469742,0.0,0.0,0.0007272124057635665,0.00010224858732028521,,,
1938,True,,,,,0.0,,,,,,0.004267524927854538,0.06013460457324982,7.784019544487819e-05,0.037102650851011276,0.02587730810046196,0.0905434787273407,0.0,0.0,0.0006696481723338366,0.0001021778273109285,,,
1939,True,,,,,0.0,,,,,,0.0028284634463489056,0.042246654629707336,4.02489495172631e-05,0.025169331580400467,0.017190640792250633,0.09054378420114517,0.0,0.0,0.0007141244132071733,0.00010210819583300074,,,
1940,True,,,,,0.0,,,,,,0.002651380840688944,0.04498181864619255,7.694166561122984e-05,0.025762280449271202,0.01766880601644516,0.09054410457611084,0.0,0.0,0.0007301559089682996,0.00010203969306197638,,,
1941,True,,,,,0.0,,,,,,0.002329156268388033,0.04188061133027077,4.236034510540776e-05,0.02055034041404724,0.013106499798595905,0.09054434299468994,0.0,0.0,0.0005488768802024424,0.00010197231917048539,,,
1942,True,,,,,0.0,,,,,,0.0028849239461123943,0.041234325617551804,6.286097050178796e-05,0.026918422430753708,0.01897318847477436,0.09054460376501083,0.0,0.0,0.000636850658338517,0.00010190607432831282,,,
1943,True,,,,,0.0,,,,,,0.0037428420037031174,0.04752948880195618,2.8803229724871926e-05,0.0256495364010334,0.0162338949739933,0.09054487198591232,0.0,0.0,0.0007974663167260587,0.00010184095870239864,,,
1944,True,,,,,0.0,,,,,,0.0034476432483643293,0.053213246166706085,3.979234315920621e-05,0.02969236485660076,0.01999804750084877,0.09054520726203918,0.0,0.0,0.0007193605997599661,0.00010177697245683706,,,
1945,True,,,,,0.0,,,,,,0.004227799829095602,0.0559241846203804,3.693747567012906e-05,0.034820541739463806,0.024076402187347412,0.09054554998874664,0.0,0.0,0.0008368300623260438,0.00010171411575287623,,,
1946,True,,,,,0.0,,,,,,0.00339625496417284,0.046407368034124374,8.395877375733107e-05,0.02912275865674019,0.0201383288949728,0.09054585546255112,0.0,0.0,0.0007259836420416832,0.00010165238874891775,,,
1947,True,,,,,0.0,,,,,,0.003994898404926062,0.05511430650949478,3.982374255429022e-05,0.03637413680553436,0.02594243362545967,0.09054619073867798,0.0,0.0,0.0007611842593178153,0.00010159179160051638,,,
1948,True,,,,,0.0,,,,,,0.006006233394145966,0.06864458322525024,7.579006341984496e-05,0.04982863739132881,0.03601458668708801,0.0905463919043541,0.0,0.0,0.0009374414221383631,0.00010153232446037961,,,
1949,True,,,,,0.0,,,,,,0.0038985200226306915,0.05958905816078186,4.2833806219277903e-05,0.033685434609651566,0.022901128977537155,0.09054668247699738,0.0,0.0,0.0006596306338906288,0.00010147398747836714,,,
1950,True,,,,,0.0,,,,,,0.003089914796873927,0.053955331444740295,5.763141962233931e-05,0.02989797852933407,0.020478244870901108,0.09054703265428543,0.0,0.0,0.000668363063596189,0.00010141678080149081,,,
1951,True,,,,,0.0,,,,,,0.0042998879216611385,0.05131625384092331,2.869327727239579e-05,0.038627780973911285,0.02827644720673561,0.09054739028215408,0.0,0.0,0.0007970312144607306,0.00010136070457391395,,,
1952,True,,,,,0.0,,,,,,0.0023861192166805267,0.03934003412723541,4.152616020292044e-05,0.021388886496424675,0.014142521657049656,0.09054775536060333,0.0,0.0,0.0008421078673563898,0.000101305758936951,,,
1953,True,,,,,0.0,,,,,,0.0049168760888278484,0.05323918163776398,3.534239294822328e-05,0.04532783851027489,0.03416389226913452,0.09054803103208542,0.0,0.0,0.0010814496781677008,0.00010125194402906743,,,
1954,True,,,,,0.0,,,,,,0.005754314363002777,0.058994852006435394,7.708385237492621e-05,0.05020895600318909,0.03761113062500954,0.09054834395647049,0.0,0.0,0.000963807397056371,0.00010119925998587914,,,
1955,True,,,,,0.0,,,,,,0.0033057357650250196,0.04651296138763428,3.854737587971613e-05,0.029942946508526802,0.021061155945062637,0.09054863452911377,0.0,0.0,0.0006971443654038012,0.00010114770694015224,,,
1956,True,,,,,0.0,,,,,,0.003910468425601721,0.05215642228722572,7.313986861845478e-05,0.03180738165974617,0.021739212796092033,0.09054891765117645,0.0,0.0,0.0009647274273447692,0.00010109728502180271,,,
1957,True,,,,,0.0,,,,,,0.0028169890865683556,0.04583472013473511,4.1722640162333846e-05,0.02445480041205883,0.01612798683345318,0.09054921567440033,0.0,0.0,0.0006368159083649516,0.00010104799435789584,,,
1958,True,,,,,0.0,,,,,,0.0027984799817204475,0.04419242963194847,5.713116843253374e-05,0.025881409645080566,0.01772962510585785,0.09054945409297943,0.0,0.0,0.0005984138697385788,0.00010099983507264638,,,
1959,True,,,,,0.0,,,,,,0.004389587324112654,0.06057727336883545,2.8307829779805616e-05,0.03979121521115303,0.028424246236681938,0.09054970741271973,0.0,0.0,0.0008217550930567086,0.00010095280728741776,,,
1960,True,,,,,0.0,,,,,,0.0027936070691794157,0.038626912981271744,3.939531961805187e-05,0.02566339634358883,0.018081901594996452,0.09054995328187943,0.0,0.0,0.0008455476490780711,0.00010090691112072212,,,
1961,True,,,,,0.0,,,,,,0.0034236309584230185,0.06972052156925201,3.46613087458536e-05,0.03311757370829582,0.021799057722091675,0.09055017679929733,0.0,0.0,0.0007004292565397918,0.00010086214668821973,,,
1962,True,,,,,0.0,,,,,,0.0027093912940472364,0.043453190475702286,7.759219442959875e-05,0.02662413753569126,0.018625125288963318,0.09055046737194061,0.0,0.0,0.0006728429580107331,0.00010081851410271897,,,
1963,True,,,,,0.0,,,,,,0.004010683856904507,0.05250014364719391,3.921862298739143e-05,0.038580797612667084,0.02839498594403267,0.0905507281422615,0.0,0.0,0.0007695134845562279,0.00010077601347417586,,,
1964,True,,,,,0.0,,,,,,0.002526855794712901,0.046625539660453796,7.414814172079787e-05,0.02289949357509613,0.014767498709261417,0.09055104106664658,0.0,0.0,0.0006881660665385425,0.00010073464490969382,,,
1965,True,,,,,0.0,,,,,,0.002247324213385582,0.04263978451490402,4.0799750422593206e-05,0.023457570001482964,0.016020353883504868,0.09055138379335403,0.0,0.0,0.0005194105324335396,0.00010069440851352342,,,
1966,True,,,,,0.0,,,,,,0.003646975150331855,0.050380509346723557,6.059179941075854e-05,0.029520148411393166,0.019899308681488037,0.09055168926715851,0.0,0.0,0.0006326193688437343,0.00010065530438706216,,,
1967,True,,,,,0.0,,,,,,0.0033806292340159416,0.04854854196310043,2.7878370019607246e-05,0.030337462201714516,0.02118251845240593,0.09055205434560776,0.0,0.0,0.0007248407346196473,0.00010061733262885411,,,
1968,True,,,,,0.0,,,,,,0.003321706084534526,0.04498174786567688,3.836185351246968e-05,0.026245538145303726,0.017500953748822212,0.09055227786302567,0.0,0.0,0.0007488462142646313,0.00010058049333458984,,,
1969,True,,,,,0.0,,,,,,0.004942324012517929,0.04960567504167557,3.350819679326378e-05,0.040293462574481964,0.029468290507793427,0.09055251628160477,0.0,0.0,0.001055956818163395,0.00010054478659710588,,,
1970,True,,,,,0.0,,,,,,0.0043164948001503944,0.06147479638457298,8.090335904853418e-05,0.041026681661605835,0.02961672842502594,0.09055270254611969,0.0,0.0,0.0009848386980593204,0.00010051021250638484,,,
1971,True,,,,,0.0,,,,,,0.0037934405263513327,0.04854540899395943,3.8516292988788337e-05,0.03196566551923752,0.022392895072698593,0.09055309742689133,0.0,0.0,0.0007414306746795774,0.00010047677114955494,,,
1972,True,,,,,0.0,,,,,,0.0014340465422719717,0.041435375809669495,7.109885336831212e-05,0.0147172836586833,0.008198615163564682,0.09055349230766296,0.0,0.0,0.0004319855070207268,0.00010044446261088981,,,
1973,True,,,,,0.0,,,,,,0.0037860635202378035,0.059848714619874954,4.300458749639802e-05,0.03454913944005966,0.023851163685321808,0.09055379033088684,0.0,0.0,0.0007522597443312407,0.00010041328697180838,,,
1974,True,,,,,0.0,,,,,,0.005712713114917278,0.060846369713544846,6.02032923779916e-05,0.04918622225522995,0.036453232169151306,0.09055405855178833,0.0,0.0,0.0008168793865479529,0.0001003832443108747,,,
1975,True,,,,,0.0,,,,,,0.00316848186776042,0.05372576788067818,2.9547823942266405e-05,0.03002643957734108,0.020565062761306763,0.09055432677268982,0.0,0.0,0.0006429359782487154,0.00010035433470379751,,,
1976,True,,,,,0.0,,,,,,0.0026667730417102575,0.048587433993816376,3.8741294702049345e-05,0.02373969368636608,0.01528926007449627,0.09055449068546295,0.0,0.0,0.0006357997190207243,0.00010032655822343028,,,
1977,True,,,,,0.0,,,,,,0.002504924312233925,0.04635057970881462,3.4906632208731025e-05,0.02277660369873047,0.014713620766997337,0.09055466949939728,0.0,0.0,0.0005467623705044389,0.00010029991493977102,,,
1978,True,,,,,0.0,,,,,,0.00113469990901649,0.026893414556980133,7.706039468757808e-05,0.011260516941547394,0.00649239681661129,0.0905548483133316,0.0,0.0,0.0004607203882187605,0.00010027440491996191,,,
1979,True,,,,,0.0,,,,,,0.004636289086192846,0.052170418202877045,3.889927756972611e-05,0.03932749480009079,0.028549164533615112,0.09055498987436295,0.0,0.0,0.0008801826625131071,0.00010025002822828929,,,
1980,True,,,,,0.0,,,,,,0.0014222640311345458,0.02704024687409401,7.194446516223252e-05,0.01293809525668621,0.007870282046496868,0.09055516123771667,0.0,0.0,0.0005344824749045074,0.00010022678492618359,,,
1981,True,,,,,0.0,,,,,,0.0035918622743338346,0.056627873331308365,4.244153024046682e-05,0.032909005880355835,0.02272758074104786,0.090555340051651,0.0,0.0,0.0007064440869726241,0.00010020467507221886,,,
1982,True,,,,,0.0,,,,,,0.003611409105360508,0.05168585479259491,5.649106969940476e-05,0.028099464252591133,0.018385669216513634,0.09055548161268234,0.0,0.0,0.0006966475048102438,0.00010018369872211292,,,
1983,True,,,,,0.0,,,,,,0.0036442410200834274,0.05040083825588226,2.803052484523505e-05,0.029818860813975334,0.02021496370434761,0.0905556008219719,0.0,0.0,0.0007921970100142062,0.00010016385592872706,,,
1984,True,,,,,0.0,,,,,,0.002855726284906268,0.054285623133182526,3.9651888073422015e-05,0.029224717989563942,0.0200150478631258,0.09055573493242264,0.0,0.0,0.0007011757115833461,0.00010014514674206606,,,
1985,True,,,,,0.0,,,,,,0.004025429021567106,0.05810103937983513,3.622085932875052e-05,0.03675970807671547,0.026000505313277245,0.09055586904287338,0.0,0.0,0.0007846416556276381,0.00010012757120927782,,,
1986,True,,,,,0.0,,,,,,0.003411469515413046,0.05960197001695633,7.734399696346372e-05,0.03372465819120407,0.023408759385347366,0.09055596590042114,0.0,0.0,0.0007528009009547532,0.00010011112937465346,,,
1987,True,,,,,0.0,,,,,,0.0017068698070943356,0.03802494332194328,3.853264206554741e-05,0.016596117988228798,0.010161926969885826,0.09055604785680771,0.0,0.0,0.0004751895903609693,0.00010009582127962713,,,
1988,True,,,,,0.0,,,,,,0.0065514398738741875,0.07073307782411575,7.185819413280115e-05,0.05571012198925018,0.041143883019685745,0.0905560702085495,0.0,0.0,0.001259737997315824,0.00010008164696277595,,,
1989,True,,,,,0.0,,,,,,0.005894488655030727,0.06684668362140656,4.286477269488387e-05,0.051731593906879425,0.0382254421710968,0.0905560851097107,0.0,0.0,0.0007906195824034512,0.00010006860645981972,,,
1990,True,,,,,0.0,,,,,,0.00701939407736063,0.0752045065164566,5.775990939582698e-05,0.057051077485084534,0.04157679155468941,0.09055601805448532,0.0,0.0,0.0010322490707039833,0.00010005669980362117,,,
1991,True,,,,,0.0,,,,,,0.002090639900416136,0.038634173572063446,2.9689075745409355e-05,0.019434649497270584,0.012560189701616764,0.09055584669113159,0.0,0.0,0.0005155755206942558,0.00010004592702418552,,,
1992,True,,,,,0.0,,,,,,0.003257478354498744,0.052956338971853256,3.9216021832544357e-05,0.028736526146531105,0.019258249551057816,0.09055563062429428,0.0,0.0,0.0005210389499552548,0.00010003628814866067,,,
1993,True,,,,,0.0,,,,,,0.0033370605669915676,0.05931782349944115,3.480290251900442e-05,0.02845386415719986,0.018262065947055817,0.09055547416210175,0.0,0.0,0.0006898349965922534,0.00010002778320133702,,,
1994,True,,,,,0.0,,,,,,0.0027520887088030577,0.05720607191324234,7.807838846929371e-05,0.026020212098956108,0.016602924093604088,0.09055531769990921,0.0,0.0,0.0006371502531692386,0.0001000204122036474,,,
1995,True,,,,,0.0,,,,,,0.00259466003626585,0.05321110785007477,3.911973180947825e-05,0.02347496896982193,0.0146340886130929,0.09055516868829727,0.0,0.0,0.000617526238784194,0.00010001417517416702,,,
1996,True,,,,,0.0,,,,,,0.0038350271061062813,0.06217830628156662,7.387011282844469e-05,0.03208835795521736,0.021093012765049934,0.09055496752262115,0.0,0.0,0.0007389158708974719,0.00010000907212861354,,,
1997,True,,,,,0.0,,,,,,0.0014063542475923896,0.04480002075433731,4.116111813345924e-05,0.015195783227682114,0.00838330015540123,0.09055465459823608,0.0,0.0,0.00043920334428548813,0.00010000510307984676,,,
1998,True,,,,,0.0,,,,,,0.0033563810866326094,0.05282232165336609,5.653034531860612e-05,0.03072270378470421,0.02115028351545334,0.09055443108081818,0.0,0.0,0.0006541336188092828,0.00010000226803786893,,,
1999,True,,,,,0.0,,,,,,0.005303782876580954,0.07734441757202148,2.7977643185295165e-05,0.044699907302856445,0.03074215166270733,0.09055428951978683,0.0,0.0,0.0007909982814453542,0.00010000056700982445,,,
2000,True,,,,,0.0,,,,,,0.004444457124918699,0.06688015908002853,3.919612572644837e-05,0.03601934760808945,0.023961735889315605,0.0905541181564331,0.0,0.0,0.0007060159114189446,0.0001,0.00046003176091573544,0.000500998424520979,1.4191498382340817e-05
