step,applied,reason,joint_w4_loss,cycle_loss,teacher_mse,budget_penalty,dual_mse,dual_ssim,block,discriminator_loss,discriminator_applied,reconstruction_mse,perceptual_loss,preservation_mse,loss,residual_loss,trust_loss,spectral_loss,adversarial_loss,grad_norm,learning_rate,reconstruction_gradient_norm,cycle_gradient_norm,joint_w4_gradient_norm
1,True,,0.013294962234795094,0.02697402611374855,,0.0,,,,,,0.004551718011498451,0.07249654084444046,0.0,0.025366075336933136,0.0,0.0,0.0,0.0,0.15437348186969757,2.5e-05,,,
2,True,,0.009887661784887314,0.03730900585651398,,0.0,,,,,,0.0027509897481650114,0.05461137741804123,0.0,0.018472880125045776,0.0,0.0,0.0,0.0,0.11330938339233398,5e-05,,,
3,True,,0.009486682713031769,0.024111058562994003,,0.0,,,,,,0.002961281454190612,0.05640878900885582,0.0,0.018329953774809837,0.0,0.0,0.0,0.0,0.10928925126791,7.500000000000001e-05,,,
4,True,,0.008684965781867504,0.026841064915060997,,0.0,,,,,,0.002535419538617134,0.055492207407951355,0.0,0.017038017511367798,0.0,0.0,0.0,0.0,0.11328314244747162,0.0001,,,
5,True,,0.01294189877808094,0.020658131688833237,,0.0,,,,,,0.004660734906792641,0.07576119899749756,0.0,0.025385335087776184,0.0,0.0,0.0,0.0,0.11216548830270767,0.000125,,,
6,True,,0.017056383192539215,0.030315104871988297,,0.0,,,,,,0.00611074548214674,0.09981755912303925,0.0,0.03345203399658203,0.0,0.0,0.0,0.0,0.12086079269647598,0.00015000000000000001,,,
7,True,,0.014706341549754143,0.03801266476511955,,0.0,,,,,,0.004622108768671751,0.08624988794326782,0.0,0.028333565220236778,0.0,0.0,0.0,0.0,0.13435621559619904,0.000175,,,
8,True,,0.010431447066366673,0.0295889750123024,,0.0,,,,,,0.0033655278384685516,0.06108316034078598,0.0,0.0202011801302433,0.0,0.0,0.0,0.0,0.16698023676872253,0.0002,,,
9,True,,0.022871490567922592,0.03169923648238182,,0.0,,,,,,0.009989641606807709,0.11911641061306,0.0,0.04508976638317108,0.0,0.0,0.0,0.0,0.17214755713939667,0.00022500000000000002,,,
10,True,,0.010463809594511986,0.025801362469792366,,0.0,,,,,,0.0026854677125811577,0.06534291803836823,0.0,0.019941583275794983,0.0,0.0,0.0,0.0,0.1919991821050644,0.00025,,,
11,True,,0.015183656476438046,0.028895296156406403,,0.0,,,,,,0.00444982573390007,0.0976276695728302,0.0,0.02968520298600197,0.0,0.0,0.0,0.0,0.24405640363693237,0.00027499999999999996,,,
12,True,,0.012795102782547474,0.026842204853892326,,0.0,,,,,,0.0038308254443109035,0.08435149490833282,0.0,0.025329500436782837,0.0,0.0,0.0,0.0,0.1122913509607315,0.00030000000000000003,,,
13,True,,0.013828720897436142,0.03309646248817444,,0.0,,,,,,0.003850660752505064,0.09285575151443481,0.0,0.027295920997858047,0.0,0.0,0.0,0.0,0.14236702024936676,0.00032500000000000004,,,
14,True,,0.014692598022520542,0.029114291071891785,,0.0,,,,,,0.005565721541643143,0.08147811889648438,0.0,0.02869727462530136,0.0,0.0,0.0,0.0,0.13035358488559723,0.00035,,,
15,True,,0.012996049597859383,0.025740649551153183,,0.0,,,,,,0.004111460875719786,0.07944218814373016,0.0,0.025309136137366295,0.0,0.0,0.0,0.0,0.12099099159240723,0.000375,,,
16,True,,0.013932997360825539,0.029382780194282532,,0.0,,,,,,0.003870983375236392,0.08985012769699097,0.0,0.02708282135426998,0.0,0.0,0.0,0.0,0.147283673286438,0.0004,,,
17,True,,0.012122981250286102,0.03047976642847061,,0.0,,,,,,0.003330607432872057,0.07942765951156616,0.0,0.023701151832938194,0.0,0.0,0.0,0.0,0.16747550666332245,0.00042500000000000003,,,
18,True,,0.016103452071547508,0.03702232241630554,,0.0,,,,,,0.004612097982317209,0.10285307466983795,0.0,0.03137107938528061,0.0,0.0,0.0,0.0,0.18847155570983887,0.00045000000000000004,,,
19,True,,0.017990432679653168,0.03633842617273331,,0.0,,,,,,0.0068115247413516045,0.09673784673213959,0.0,0.034839123487472534,0.0,0.0,0.0,0.0,0.18110902607440948,0.000475,,,
20,True,,0.007932715117931366,0.032813675701618195,,0.0,,,,,,0.0018453027587383986,0.04934339225292206,0.0,0.015040493570268154,0.0,0.0,0.0,0.0,0.24223051965236664,0.0005,,,
21,True,,0.01717456988990307,0.038791682571172714,,0.0,,,,,,0.00702425092458725,0.09445714950561523,0.0,0.03403245285153389,0.0,0.0,0.0,0.0,0.1894279271364212,0.0005,,,
22,True,,0.010199529118835926,0.033155642449855804,,0.0,,,,,,0.0019745377358049154,0.07117291539907455,0.0,0.019622914493083954,0.0,0.0,0.0,0.0,0.2506507635116577,0.0004999997164950878,,,
23,True,,0.01041859295219183,0.025928886607289314,,0.0,,,,,,0.0028716314118355513,0.0629773661494255,0.0,0.01984724961221218,0.0,0.0,0.0,0.0,0.1680806428194046,0.0004999988659810655,,,
24,True,,0.013258948922157288,0.07562550157308578,,0.0,,,,,,0.0029758610762655735,0.08398722112178802,0.0,0.025389786809682846,0.0,0.0,0.0,0.0,0.22990769147872925,0.0004999974484600767,,,
25,True,,0.013474849052727222,0.036934517323970795,,0.0,,,,,,0.004030048847198486,0.08408011496067047,0.0,0.026282254606485367,0.0,0.0,0.0,0.0,0.1746249794960022,0.0004999954639356932,,,
26,True,,0.01849379576742649,0.03810318931937218,,0.0,,,,,,0.006165539845824242,0.11175879091024399,0.0,0.03621624782681465,0.0,0.0,0.0,0.0,0.15162818133831024,0.0004999929124129165,,,
27,True,,0.012086983770132065,0.03224530443549156,,0.0,,,,,,0.003917631693184376,0.07255911827087402,0.0,0.023582980036735535,0.0,0.0,0.0,0.0,0.13132257759571075,0.0004999897938981763,,,
28,True,,0.010478517040610313,0.034773632884025574,,0.0,,,,,,0.0026829715352505445,0.06928180158138275,0.0,0.02043740451335907,0.0,0.0,0.0,0.0,0.1999058872461319,0.0004999861083993315,,,
29,True,,0.012011932209134102,0.03478257358074188,,0.0,,,,,,0.0034065209329128265,0.07949526607990265,0.0,0.023715805262327194,0.0,0.0,0.0,0.0,0.12374887615442276,0.0004999818559256697,,,
30,True,,0.017096607014536858,0.04570988565683365,,0.0,,,,,,0.005793177522718906,0.10169333219528198,0.0,0.03351621702313423,0.0,0.0,0.0,0.0,0.16846022009849548,0.0004999770364879073,,,
31,True,,0.014243208803236485,0.047593533992767334,,0.0,,,,,,0.0031682979315519333,0.09731236100196838,0.0,0.02761867828667164,0.0,0.0,0.0,0.0,0.15029174089431763,0.0004999716500981894,,,
32,True,,0.016215264797210693,0.03482497110962868,,0.0,,,,,,0.00551860686391592,0.09000365436077118,0.0,0.031082486733794212,0.0,0.0,0.0,0.0,0.1645107865333557,0.0004999656967700901,,,
33,True,,0.014043180271983147,0.045080170035362244,,0.0,,,,,,0.0036209747195243835,0.0905279815196991,0.0,0.027167756110429764,0.0,0.0,0.0,0.0,0.20559276640415192,0.000499959176518612,,,
34,True,,0.014697980135679245,0.0657285749912262,,0.0,,,,,,0.004245315678417683,0.09125375747680664,0.0,0.02872595749795437,0.0,0.0,0.0,0.0,0.1374940723180771,0.0004999520893601865,,,
35,True,,0.014878845773637295,0.03876405954360962,,0.0,,,,,,0.004929766058921814,0.09300076216459274,0.0,0.0294963289052248,0.0,0.0,0.0,0.0,0.18602252006530762,0.0004999444353126733,,,
36,True,,0.014556048437952995,0.054413508623838425,,0.0,,,,,,0.004371535964310169,0.08968505263328552,0.0,0.02844022586941719,0.0,0.0,0.0,0.0,0.21718749403953552,0.000499936214395361,,,
37,True,,0.016914894804358482,0.037914834916591644,,0.0,,,,,,0.005316555500030518,0.10760936141014099,0.0,0.033371537923812866,0.0,0.0,0.0,0.0,0.15379920601844788,0.000499927426628967,,,
38,True,,0.011318299919366837,0.04779482260346413,,0.0,,,,,,0.002497322391718626,0.07816394418478012,0.0,0.022109966725111008,0.0,0.0,0.0,0.0,0.26496100425720215,0.0004999180720356365,,,
39,True,,0.012322642840445042,0.038575317710638046,,0.0,,,,,,0.0034050538670271635,0.0824771374464035,0.0,0.02436116337776184,0.0,0.0,0.0,0.0,0.16851583123207092,0.0004999081506389436,,,
40,True,,0.010151645168662071,0.0407208614051342,,0.0,,,,,,0.002772353123873472,0.06415346264839172,0.0,0.019746553152799606,0.0,0.0,0.0,0.0,0.16310083866119385,0.0004998976624638906,,,
41,True,,0.023103738203644753,0.05414292961359024,,0.0,,,,,,0.008085368201136589,0.1372065246105194,0.0,0.04545118659734726,0.0,0.0,0.0,0.0,0.2349015325307846,0.0004998866075369082,,,
42,True,,0.01637985371053219,0.04117901250720024,,0.0,,,,,,0.005409928970038891,0.09933939576148987,0.0,0.03213551267981529,0.0,0.0,0.0,0.0,0.1352130025625229,0.0004998749858858554,,,
43,True,,0.018254108726978302,0.06987808644771576,,0.0,,,,,,0.004375960677862167,0.11890824139118195,0.0,0.03521967679262161,0.0,0.0,0.0,0.0,0.19330845773220062,0.0004998627975400191,,,
44,True,,0.012132599949836731,0.03661246597766876,,0.0,,,,,,0.003365575335919857,0.07748809456825256,0.0,0.023613110184669495,0.0,0.0,0.0,0.0,0.15431497991085052,0.0004998500425301146,,,
45,True,,0.018408913165330887,0.042193375527858734,,0.0,,,,,,0.007231376599520445,0.1002880185842514,0.0,0.03609102591872215,0.0,0.0,0.0,0.0,0.19151106476783752,0.0004998367208882849,,,
46,True,,0.015106950886547565,0.04004254937171936,,0.0,,,,,,0.0038146600127220154,0.10181137919425964,0.0,0.029503174126148224,0.0,0.0,0.0,0.0,0.21319381892681122,0.0004998228326481012,,,
47,True,,0.01128955464810133,0.03917507082223892,,0.0,,,,,,0.003233887953683734,0.06979064643383026,0.0,0.02189425751566887,0.0,0.0,0.0,0.0,0.13688848912715912,0.0004998083778445626,,,
48,True,,0.015538292936980724,0.03753513842821121,,0.0,,,,,,0.004982594400644302,0.09761521965265274,0.0,0.030657760798931122,0.0,0.0,0.0,0.0,0.16974715888500214,0.0004997933565140958,,,
49,True,,0.009089849889278412,0.03785935044288635,,0.0,,,,,,0.002004156354814768,0.06174115091562271,0.0,0.01764671504497528,0.0,0.0,0.0,0.0,0.14978355169296265,0.0004997777686945551,,,
50,True,,0.011329329572618008,0.04818146675825119,,0.0,,,,,,0.0025389273650944233,0.07449954748153687,0.0,0.021800026297569275,0.0,0.0,0.0,0.0,0.13996566832065582,0.0004997616144252225,,,
51,True,,0.011157919652760029,0.0431104376912117,,0.0,,,,,,0.0023343530483543873,0.07514915615320206,0.0,0.021438293159008026,0.0,0.0,0.0,0.0,0.258295476436615,0.0004997448937468076,,,
52,True,,0.01721217855811119,0.05508565902709961,,0.0,,,,,,0.005662861280143261,0.10309719294309616,0.0,0.033735617995262146,0.0,0.0,0.0,0.0,0.18822285532951355,0.0004997276067014472,,,
53,True,,0.01121328491717577,0.03554888814687729,,0.0,,,,,,0.00310335261747241,0.07366561889648438,0.0,0.022038687020540237,0.0,0.0,0.0,0.0,0.12695497274398804,0.0004997097533327051,,,
54,True,,0.014334260486066341,0.04146471619606018,,0.0,,,,,,0.0048475018702447414,0.08519036322832108,0.0,0.028115447610616684,0.0,0.0,0.0,0.0,0.15404756367206573,0.0004996913336855729,,,
55,True,,0.017105603590607643,0.041168615221977234,,0.0,,,,,,0.006405716296285391,0.09929768741130829,0.0,0.033852774649858475,0.0,0.0,0.0,0.0,0.1895895153284073,0.0004996723478064689,,,
56,True,,0.01364972535520792,0.037202443927526474,,0.0,,,,,,0.0050748372450470924,0.08200141787528992,0.0,0.027296729385852814,0.0,0.0,0.0,0.0,0.18136835098266602,0.0004996527957432384,,,
57,True,,0.01132005825638771,0.03575265780091286,,0.0,,,,,,0.00342557649128139,0.06941203027963638,0.0,0.022044364362955093,0.0,0.0,0.0,0.0,0.1937701255083084,0.0004996326775451531,,,
58,True,,0.016298167407512665,0.043145474046468735,,0.0,,,,,,0.006530770566314459,0.08469463884830475,0.0,0.03172985836863518,0.0,0.0,0.0,0.0,0.14232231676578522,0.0004996119932629121,,,
59,True,,0.011244633235037327,0.032882217317819595,,0.0,,,,,,0.0026210607029497623,0.07230738550424576,0.0,0.02142525464296341,0.0,0.0,0.0,0.0,0.22394026815891266,0.0004995907429486405,,,
60,True,,0.017347050830721855,0.03977237641811371,,0.0,,,,,,0.006581158842891455,0.09637126326560974,0.0,0.03396306186914444,0.0,0.0,0.0,0.0,0.17005781829357147,0.0004995689266558902,,,
61,True,,0.011861572042107582,0.03578201308846474,,0.0,,,,,,0.0028746991883963346,0.07973175495862961,0.0,0.02306726574897766,0.0,0.0,0.0,0.0,0.2807394862174988,0.0004995465444396389,,,
62,True,,0.014137446880340576,0.032003823667764664,,0.0,,,,,,0.004239898175001144,0.09183081984519958,0.0,0.027880463749170303,0.0,0.0,0.0,0.0,0.13357990980148315,0.0004995235963562912,,,
63,True,,0.015995973721146584,0.04153791069984436,,0.0,,,,,,0.005563744343817234,0.09234222769737244,0.0,0.031209319829940796,0.0,0.0,0.0,0.0,0.15486915409564972,0.0004995000824636769,,,
64,True,,0.01520543172955513,0.04051618278026581,,0.0,,,,,,0.005061523988842964,0.09045177698135376,0.0,0.029717296361923218,0.0,0.0,0.0,0.0,0.18374641239643097,0.0004994760028210521,,,
65,True,,0.012238739989697933,0.03489251807332039,,0.0,,,,,,0.003930560313165188,0.07141117006540298,0.0,0.023659342899918556,0.0,0.0,0.0,0.0,0.24753940105438232,0.0004994513574890987,,,
66,True,,0.01808749884366989,0.03707970306277275,,0.0,,,,,,0.007579866796731949,0.09653495252132416,0.0,0.03569165617227554,0.0,0.0,0.0,0.0,0.18317677080631256,0.0004994261465299239,,,
67,True,,0.02003391459584236,0.043987199664115906,,0.0,,,,,,0.007047249935567379,0.11286118626594543,0.0,0.03880715370178223,0.0,0.0,0.0,0.0,0.29518646001815796,0.0004994003700070605,,,
68,True,,0.01610608398914337,0.048396650701761246,,0.0,,,,,,0.004625243134796619,0.09740196168422699,0.0,0.030955489724874496,0.0,0.0,0.0,0.0,0.18243390321731567,0.0004993740279854663,,,
69,True,,0.021882936358451843,0.04855162650346756,,0.0,,,,,,0.007897789590060711,0.12380827963352203,0.0,0.042647071182727814,0.0,0.0,0.0,0.0,0.2784234285354614,0.0004993471205315245,,,
70,True,,0.014405986294150352,0.04546761512756348,,0.0,,,,,,0.0048487004823982716,0.08669906854629517,0.0,0.028379268944263458,0.0,0.0,0.0,0.0,0.23800092935562134,0.000499319647713043,,,
71,True,,0.012845227494835854,0.04330774396657944,,0.0,,,,,,0.0037246139254420996,0.08087034523487091,0.0,0.02508995309472084,0.0,0.0,0.0,0.0,0.2617633044719696,0.0004992916095992547,,,
72,True,,0.015884311869740486,0.04835384339094162,,0.0,,,,,,0.005095495842397213,0.09666505455970764,0.0,0.031129851937294006,0.0,0.0,0.0,0.0,0.15123781561851501,0.0004992630062608164,,,
73,True,,0.013687171041965485,0.043023716658353806,,0.0,,,,,,0.003970390185713768,0.080831378698349,0.0,0.026170935481786728,0.0,0.0,0.0,0.0,0.20353880524635315,0.0004992338377698102,,,
74,True,,0.015825795009732246,0.03526543825864792,,0.0,,,,,,0.0046042026951909065,0.10054075717926025,0.0,0.03083672747015953,0.0,0.0,0.0,0.0,0.1252083033323288,0.0004992041041997419,,,
75,True,,0.018498074263334274,0.042992815375328064,,0.0,,,,,,0.006652937736362219,0.10622382164001465,0.0,0.03620332479476929,0.0,0.0,0.0,0.0,0.11824379861354828,0.0004991738056255411,,,
76,True,,0.016516011208295822,0.04509281367063522,,0.0,,,,,,0.006861222442239523,0.08501161634922028,0.0,0.03232932090759277,0.0,0.0,0.0,0.0,0.17341528832912445,0.0004991429421235618,,,
77,True,,0.013147905468940735,0.04203573986887932,,0.0,,,,,,0.004881210625171661,0.07530419528484344,0.0,0.025979891419410706,0.0,0.0,0.0,0.0,0.14416812360286713,0.0004991115137715815,,,
78,True,,0.016493020579218864,0.04631107300519943,,0.0,,,,,,0.0052010961808264256,0.10242870450019836,0.0,0.03240010142326355,0.0,0.0,0.0,0.0,0.14970719814300537,0.0004990795206488007,,,
79,True,,0.008760483004152775,0.04366079717874527,,0.0,,,,,,0.002028603106737137,0.05373886227607727,0.0,0.016599580645561218,0.0,0.0,0.0,0.0,0.21402707695960999,0.0004990469628358436,,,
80,True,,0.01137719675898552,0.03786671906709671,,0.0,,,,,,0.0019134905887767673,0.08456484228372574,0.0,0.022125840187072754,0.0,0.0,0.0,0.0,0.15902255475521088,0.0004990138404147573,,,
81,True,,0.0139472596347332,0.04090776666998863,,0.0,,,,,,0.004488706588745117,0.08587662875652313,0.0,0.027432706207036972,0.0,0.0,0.0,0.0,0.10100612789392471,0.0004989801534690118,,,
82,True,,0.01996484585106373,0.03247987478971481,,0.0,,,,,,0.008268231526017189,0.10620635747909546,0.0,0.0391785129904747,0.0,0.0,0.0,0.0,0.15647557377815247,0.0004989459020834997,,,
83,True,,0.011294611729681492,0.03970196843147278,,0.0,,,,,,0.0036769581492990255,0.06432066857814789,0.0,0.021800655871629715,0.0,0.0,0.0,0.0,0.20305955410003662,0.0004989110863445358,,,
84,True,,0.012855575419962406,0.04614230617880821,,0.0,,,,,,0.002682426478713751,0.09081719815731049,0.0,0.025081144645810127,0.0,0.0,0.0,0.0,0.15072046220302582,0.0004988757063398574,,,
85,True,,0.014410528354346752,0.03872514143586159,,0.0,,,,,,0.0035897139459848404,0.09691977500915527,0.0,0.028079472482204437,0.0,0.0,0.0,0.0,0.16650749742984772,0.0004988397621586237,,,
86,True,,0.014572547748684883,0.04586010426282883,,0.0,,,,,,0.005285953637212515,0.07933245599269867,0.0,0.028250347822904587,0.0,0.0,0.0,0.0,0.2568480372428894,0.0004988032538914156,,,
87,True,,0.010914068669080734,0.03807967156171799,,0.0,,,,,,0.002874859608709812,0.06773209571838379,0.0,0.02094293385744095,0.0,0.0,0.0,0.0,0.2513011395931244,0.0004987661816302355,,,
88,True,,0.013354859314858913,0.04032815620303154,,0.0,,,,,,0.004167931154370308,0.08148819208145142,0.0,0.026074890047311783,0.0,0.0,0.0,0.0,0.1250433623790741,0.000498728545468507,,,
89,True,,0.015168079175055027,0.044906988739967346,,0.0,,,,,,0.004335954785346985,0.09891377389431,0.0,0.029844481498003006,0.0,0.0,0.0,0.0,0.167056605219841,0.0004986903455010751,,,
90,True,,0.012521382421255112,0.036321740597486496,,0.0,,,,,,0.004157026298344135,0.07712569832801819,0.0,0.024754196405410767,0.0,0.0,0.0,0.0,0.17417776584625244,0.0004986515818242053,,,
91,True,,0.012313559651374817,0.03673812001943588,,0.0,,,,,,0.00409319531172514,0.07557328790426254,0.0,0.024331465363502502,0.0,0.0,0.0,0.0,0.12970727682113647,0.0004986122545355835,,,
92,True,,0.01889970526099205,0.03860081359744072,,0.0,,,,,,0.00740783428773284,0.10493203997612,0.0,0.03718675300478935,0.0,0.0,0.0,0.0,0.12516085803508759,0.0004985723637343166,,,
93,True,,0.017877019941806793,0.04538832604885101,,0.0,,,,,,0.006763879209756851,0.1024816483259201,0.0,0.03534294664859772,0.0,0.0,0.0,0.0,0.1156243085861206,0.000498531909520931,,,
94,True,,0.014805065467953682,0.038428060710430145,,0.0,,,,,,0.004941550083458424,0.08936300873756409,0.0,0.02906719595193863,0.0,0.0,0.0,0.0,0.20945791900157928,0.000498490891997373,,,
95,True,,0.014621498063206673,0.03840457648038864,,0.0,,,,,,0.004128127358853817,0.09487175196409225,0.0,0.028620846569538116,0.0,0.0,0.0,0.0,0.15392087399959564,0.0004984493112670085,,,
96,True,,0.015290558338165283,0.031930044293403625,,0.0,,,,,,0.005039139650762081,0.09434060752391815,0.0,0.030083060264587402,0.0,0.0,0.0,0.0,0.10391724854707718,0.000498407167434623,,,
97,True,,0.011217900551855564,0.03568892925977707,,0.0,,,,,,0.0028778533451259136,0.07169028371572495,0.0,0.021621670573949814,0.0,0.0,0.0,0.0,0.15347789227962494,0.0004983644606064206,,,
98,True,,0.013024340383708477,0.03873423859477043,,0.0,,,,,,0.0037006193306297064,0.08212282508611679,0.0,0.025324584916234016,0.0,0.0,0.0,0.0,0.13479849696159363,0.0004983211908900245,,,
99,True,,0.01684814877808094,0.0362771674990654,,0.0,,,,,,0.0065473392605781555,0.09602272510528564,0.0,0.03336053341627121,0.0,0.0,0.0,0.0,0.17049090564250946,0.0004982773583944761,,,
100,True,,0.01112557016313076,0.04030882939696312,,0.0,,,,,,0.0025780806317925453,0.07731127738952637,0.0,0.02183786779642105,0.0,0.0,0.0,0.0,0.10870210081338882,0.0004982329632302354,0.045565798075417004,0.009537848346090012,0.07143745567417789
101,True,,0.014286486431956291,0.030912799760699272,,0.0,,,,,,0.004766453523188829,0.08845163881778717,0.0,0.028207233175635338,0.0,0.0,0.0,0.0,0.18261386454105377,0.00049818800550918,,,
102,True,,0.013655954971909523,0.03497759997844696,,0.0,,,,,,0.003978496417403221,0.08818337321281433,0.0,0.026802565902471542,0.0,0.0,0.0,0.0,0.20491507649421692,0.0004981424853446054,,,
103,True,,0.013861547224223614,0.042584650218486786,,0.0,,,,,,0.0041003962978720665,0.08784004300832748,0.0,0.027171794325113297,0.0,0.0,0.0,0.0,0.1044447049498558,0.0004980964028512244,,,
104,True,,0.011924861930310726,0.04133456572890282,,0.0,,,,,,0.003598372917622328,0.07437107712030411,0.0,0.023373689502477646,0.0,0.0,0.0,0.0,0.1544095128774643,0.0004980497581451668,,,
105,True,,0.015125094912946224,0.04174688458442688,,0.0,,,,,,0.004179341718554497,0.10084301233291626,0.0,0.02980620786547661,0.0,0.0,0.0,0.0,0.17184384167194366,0.0004980025513439795,,,
106,True,,0.012122128158807755,0.044073574244976044,,0.0,,,,,,0.0040032523684203625,0.07268345355987549,0.0,0.023834461346268654,0.0,0.0,0.0,0.0,0.09062441438436508,0.0004979547825666255,,,
107,True,,0.01348146703094244,0.03813024237751961,,0.0,,,,,,0.004582195542752743,0.0808565616607666,0.0,0.026530619710683823,0.0,0.0,0.0,0.0,0.17055054008960724,0.0004979064519334843,,,
108,True,,0.011381799355149269,0.024787209928035736,,0.0,,,,,,0.0032214573584496975,0.07297898083925247,0.0,0.02214902639389038,0.0,0.0,0.0,0.0,0.12504644691944122,0.0004978575595663511,,,
109,True,,0.013463841751217842,0.03601733595132828,,0.0,,,,,,0.004107740707695484,0.08315251022577286,0.0,0.02624700590968132,0.0,0.0,0.0,0.0,0.1370888352394104,0.0004978081055884371,,,
110,True,,0.013170848600566387,0.033466026186943054,,0.0,,,,,,0.0034901543986052275,0.08858130872249603,0.0,0.025853794068098068,0.0,0.0,0.0,0.0,0.1163458526134491,0.0004977580901243681,,,
111,True,,0.01621805690228939,0.03854358568787575,,0.0,,,,,,0.004079626873135567,0.1145407184958458,0.0,0.0321371927857399,0.0,0.0,0.0,0.0,0.12127146869897842,0.0004977075133001855,,,
112,True,,0.012192455120384693,0.03216706961393356,,0.0,,,,,,0.004225964657962322,0.0733191967010498,0.0,0.024072010070085526,0.0,0.0,0.0,0.0,0.15696981549263,0.0004976563752433449,,,
113,True,,0.015198859386146069,0.046366702765226364,,0.0,,,,,,0.0043390910141170025,0.09936994314193726,0.0,0.02993861213326454,0.0,0.0,0.0,0.0,0.19446122646331787,0.0004976046760827167,,,
114,True,,0.009809288196265697,0.03906646743416786,,0.0,,,,,,0.0018218355253338814,0.07280099391937256,0.0,0.019301887601614,0.0,0.0,0.0,0.0,0.15289166569709778,0.0004975524159485849,,,
115,True,,0.008717579767107964,0.02690151520073414,,0.0,,,,,,0.002000833861529827,0.060110267251729965,0.0,0.016998454928398132,0.0,0.0,0.0,0.0,0.11441794037818909,0.0004974995949726472,,,
116,True,,0.009549030102789402,0.024026401340961456,,0.0,,,,,,0.002681439509615302,0.06444147229194641,0.0,0.018914882093667984,0.0,0.0,0.0,0.0,0.14863261580467224,0.000497446213288015,,,
117,True,,0.016833852976560593,0.03471047803759575,,0.0,,,,,,0.005222823470830917,0.10684072226285934,0.0,0.03308785334229469,0.0,0.0,0.0,0.0,0.14439909160137177,0.0004973922710292123,,,
118,True,,0.015231693163514137,0.03515581786632538,,0.0,,,,,,0.004698629956692457,0.09319815784692764,0.0,0.029601696878671646,0.0,0.0,0.0,0.0,0.16270260512828827,0.0004973377683321761,,,
119,True,,0.011949053965508938,0.03193552792072296,,0.0,,,,,,0.0027008717879652977,0.0828702375292778,0.0,0.02325630560517311,0.0,0.0,0.0,0.0,0.12047312408685684,0.0004972827053342556,,,
120,True,,0.007889780215919018,0.04231260344386101,,0.0,,,,,,0.0014153815573081374,0.0566665455698967,0.0,0.015394942834973335,0.0,0.0,0.0,0.0,0.16305333375930786,0.0004972270821742116,,,
121,True,,0.008331122808158398,0.02936527505517006,,0.0,,,,,,0.0017753139836713672,0.056428346782922745,0.0,0.0160429235547781,0.0,0.0,0.0,0.0,0.2067803591489792,0.0004971708989922173,,,
122,True,,0.015575950033962727,0.037803538143634796,,0.0,,,,,,0.004752832464873791,0.09502971172332764,0.0,0.03020978905260563,0.0,0.0,0.0,0.0,0.16212521493434906,0.0004971141559298566,,,
123,True,,0.01262238621711731,0.03158145025372505,,0.0,,,,,,0.0032918776851147413,0.08326481282711029,0.0,0.024556558579206467,0.0,0.0,0.0,0.0,0.14482516050338745,0.0004970568531301243,,,
124,True,,0.020568592473864555,0.04430244490504265,,0.0,,,,,,0.007973507978022099,0.11236630380153656,0.0,0.04022175446152687,0.0,0.0,0.0,0.0,0.22600902616977692,0.0004969989907374265,,,
125,True,,0.010374248959124088,0.03388164937496185,,0.0,,,,,,0.003064502729102969,0.06596328318119049,0.0,0.02037389576435089,0.0,0.0,0.0,0.0,0.19024260342121124,0.0004969405688975784,,,
126,True,,0.014533421956002712,0.034380435943603516,,0.0,,,,,,0.004677440971136093,0.09097259491682053,0.0,0.028651926666498184,0.0,0.0,0.0,0.0,0.21294543147087097,0.0004968815877578059,,,
127,True,,0.014504777267575264,0.03394841402769089,,0.0,,,,,,0.005161506123840809,0.08256784826517105,0.0,0.028262551873922348,0.0,0.0,0.0,0.0,0.18064555525779724,0.0004968220474667439,,,
128,True,,0.012543410062789917,0.035915106534957886,,0.0,,,,,,0.004105663392692804,0.0758301317691803,0.0,0.02459123730659485,0.0,0.0,0.0,0.0,0.18124087154865265,0.0004967619481744366,,,
129,True,,0.011818311177194118,0.03892282769083977,,0.0,,,,,,0.0038674194365739822,0.0715111643075943,0.0,0.023226074874401093,0.0,0.0,0.0,0.0,0.15102815628051758,0.0004967012900323369,,,
130,True,,0.017149828374385834,0.043650347739458084,,0.0,,,,,,0.005441945046186447,0.10256272554397583,0.0,0.03328454867005348,0.0,0.0,0.0,0.0,0.1799531728029251,0.0004966400731933058,,,
131,True,,0.012677672319114208,0.030069500207901,,0.0,,,,,,0.003545640967786312,0.08201070129871368,0.0,0.02472507953643799,0.0,0.0,0.0,0.0,0.15399622917175293,0.0004965782978116125,,,
132,True,,0.011700645089149475,0.038026198744773865,,0.0,,,,,,0.0039478084072470665,0.06802992522716522,0.0,0.022831708192825317,0.0,0.0,0.0,0.0,0.14779067039489746,0.0004965159640429339,,,
133,True,,0.015080813318490982,0.0372772216796875,,0.0,,,,,,0.004841414280235767,0.09035193920135498,0.0,0.029330193996429443,0.0,0.0,0.0,0.0,0.21444857120513916,0.0004964530720443533,,,
134,True,,0.014359256252646446,0.042583756148815155,,0.0,,,,,,0.0047665368765592575,0.08532188832759857,0.0,0.028083819895982742,0.0,0.0,0.0,0.0,0.11704973876476288,0.0004963896219743617,,,
135,True,,0.011174230836331844,0.03538362681865692,,0.0,,,,,,0.0037679325323551893,0.06519950181245804,0.0,0.02181595005095005,0.0,0.0,0.0,0.0,0.11194156110286713,0.000496325613992856,,,
136,True,,0.01464196015149355,0.06166128069162369,,0.0,,,,,,0.0036470824852585793,0.09548459202051163,0.0,0.028454113751649857,0.0,0.0,0.0,0.0,0.15289969742298126,0.0004962610482611388,,,
137,True,,0.008348498493432999,0.034149348735809326,,0.0,,,,,,0.0014688859228044748,0.05992156267166138,0.0,0.016151033341884613,0.0,0.0,0.0,0.0,0.21978715062141418,0.0004961959249419189,,,
138,True,,0.011951550841331482,0.033771660178899765,,0.0,,,,,,0.003163465764373541,0.07800482958555222,0.0,0.023253215476870537,0.0,0.0,0.0,0.0,0.23966112732887268,0.0004961302441993098,,,
139,True,,0.016790835186839104,0.04149262607097626,,0.0,,,,,,0.005610914900898933,0.09768854826688766,0.0,0.03258553147315979,0.0,0.0,0.0,0.0,0.15265722572803497,0.0004960640061988298,,,
140,True,,0.013421127572655678,0.03097652643918991,,0.0,,,,,,0.004109444096684456,0.0861215814948082,0.0,0.026452496647834778,0.0,0.0,0.0,0.0,0.1459871083498001,0.0004959972111074017,,,
141,True,,0.016424082219600677,0.03767872601747513,,0.0,,,,,,0.0058455690741539,0.09186574816703796,0.0,0.031833015382289886,0.0,0.0,0.0,0.0,0.18884479999542236,0.0004959298590933519,,,
142,True,,0.011493770405650139,0.029407598078250885,,0.0,,,,,,0.0032949834130704403,0.07045171409845352,0.0,0.022128000855445862,0.0,0.0,0.0,0.0,0.19521856307983398,0.0004958619503264103,,,
143,True,,0.012790909968316555,0.03153155744075775,,0.0,,,,,,0.004091063980013132,0.078358955681324,0.0,0.025033187121152878,0.0,0.0,0.0,0.0,0.1511116474866867,0.0004957934849777102,,,
144,True,,0.01098619680851698,0.03241873160004616,,0.0,,,,,,0.004133612383157015,0.061207156628370285,0.0,0.02156471088528633,0.0,0.0,0.0,0.0,0.1632266640663147,0.0004957244632197872,,,
145,True,,0.010639933869242668,0.03327283635735512,,0.0,,,,,,0.002219783840700984,0.07481510937213898,0.0,0.020673956722021103,0.0,0.0,0.0,0.0,0.15491485595703125,0.0004956548852265791,,,
146,True,,0.016730541363358498,0.03808427229523659,,0.0,,,,,,0.005713853053748608,0.10284361243247986,0.0,0.033109597861766815,0.0,0.0,0.0,0.0,0.15294292569160461,0.0004955847511734255,,,
147,True,,0.013792376033961773,0.039012402296066284,,0.0,,,,,,0.0038843739312142134,0.08818035572767258,0.0,0.026884909719228745,0.0,0.0,0.0,0.0,0.21747931838035583,0.0004955140612370674,,,
148,True,,0.009783686138689518,0.03415878489613533,,0.0,,,,,,0.0020338925532996655,0.0652250200510025,0.0,0.018681667745113373,0.0,0.0,0.0,0.0,0.31162917613983154,0.0004954428155956462,,,
149,True,,0.016460804268717766,0.041687868535518646,,0.0,,,,,,0.005543423350900412,0.09539773315191269,0.0,0.03196088224649429,0.0,0.0,0.0,0.0,0.46406570076942444,0.0004953710144287043,,,
150,True,,0.01708797551691532,0.04439840093255043,,0.0,,,,,,0.005882082041352987,0.10138287395238876,0.0,0.03355232626199722,0.0,0.0,0.0,0.0,0.19357001781463623,0.0004952986579171837,,,
151,True,,0.011305039748549461,0.03852425515651703,,0.0,,,,,,0.001961462665349245,0.08404498547315598,0.0,0.02205624431371689,0.0,0.0,0.0,0.0,0.23441337049007416,0.0004952257462434261,,,
152,True,,0.009356812573969364,0.031065627932548523,,0.0,,,,,,0.0022387909702956676,0.0625733882188797,0.0,0.01816359907388687,0.0,0.0,0.0,0.0,0.19705422222614288,0.0004951522795911717,,,
153,True,,0.018402284011244774,0.039036549627780914,,0.0,,,,,,0.006710195913910866,0.10871332138776779,0.0,0.036374177783727646,0.0,0.0,0.0,0.0,0.1184021383523941,0.0004950782581455602,,,
154,True,,0.010660896077752113,0.03119778074324131,,0.0,,,,,,0.0028499383479356766,0.0714254304766655,0.0,0.02096535637974739,0.0,0.0,0.0,0.0,0.16129319369792938,0.0004950036820931286,,,
155,True,,0.013061689212918282,0.0288119837641716,,0.0,,,,,,0.004023946821689606,0.08176626265048981,0.0,0.02555038221180439,0.0,0.0,0.0,0.0,0.17789588868618011,0.0004949285516218117,,,
156,True,,0.014248836785554886,0.04585649073123932,,0.0,,,,,,0.0038772555999457836,0.08994685113430023,0.0,0.02757934294641018,0.0,0.0,0.0,0.0,0.16945067048072815,0.0004948528669209418,,,
157,True,,0.01409334409981966,0.037458132952451706,,0.0,,,,,,0.00475985836237669,0.08367776870727539,0.0,0.027595560997724533,0.0,0.0,0.0,0.0,0.12225096672773361,0.0004947766281812475,,,
158,True,,0.015216012485325336,0.03988136351108551,,0.0,,,,,,0.005521831102669239,0.08556343615055084,0.0,0.02969300001859665,0.0,0.0,0.0,0.0,0.11100096255540848,0.0004946998355948539,,,
159,True,,0.01209369208663702,0.032812125980854034,,0.0,,,,,,0.004199457820504904,0.070871502161026,0.0,0.023708421736955643,0.0,0.0,0.0,0.0,0.13726221024990082,0.0004946224893552815,,,
160,True,,0.011453012004494667,0.033456675708293915,,0.0,,,,,,0.0036034169606864452,0.06929897516965866,0.0,0.02232089266180992,0.0,0.0,0.0,0.0,0.22040636837482452,0.0004945445896574462,,,
161,True,,0.01226726733148098,0.04526711255311966,,0.0,,,,,,0.0017487503355368972,0.09297478944063187,0.0,0.0237661674618721,0.0,0.0,0.0,0.0,0.2626274824142456,0.0004944661366976588,,,
162,True,,0.01396784745156765,0.034978482872247696,,0.0,,,,,,0.00466277776286006,0.08367350697517395,0.0,0.027347762137651443,0.0,0.0,0.0,0.0,0.15830177068710327,0.000494387130673624,,,
163,True,,0.015071520581841469,0.03460165113210678,,0.0,,,,,,0.004432905465364456,0.09611354768276215,0.0,0.029461797326803207,0.0,0.0,0.0,0.0,0.17350530624389648,0.0004943075717844407,,,
164,True,,0.011526424437761307,0.025509051978588104,,0.0,,,,,,0.003518774639815092,0.07262633740901947,0.0,0.022562922909855843,0.0,0.0,0.0,0.0,0.20986126363277435,0.0004942274602306005,,,
165,True,,0.013733452185988426,0.052647314965724945,,0.0,,,,,,0.004713623784482479,0.08062664419412613,0.0,0.027036212384700775,0.0,0.0,0.0,0.0,0.15377147495746613,0.0004941467962139881,,,
166,True,,0.014016915112733841,0.040381595492362976,,0.0,,,,,,0.004289955832064152,0.08839118480682373,0.0,0.027549805119633675,0.0,0.0,0.0,0.0,0.18678562343120575,0.0004940655799378804,,,
167,True,,0.01669892854988575,0.034624189138412476,,0.0,,,,,,0.005183723755180836,0.10213092714548111,0.0,0.032441988587379456,0.0,0.0,0.0,0.0,0.24714110791683197,0.0004939838116069459,,,
168,True,,0.012739745900034904,0.031002214178442955,,0.0,,,,,,0.004572148434817791,0.07230623066425323,0.0,0.024852540343999863,0.0,0.0,0.0,0.0,0.15857814252376556,0.0004939014914272444,,,
169,True,,0.01690818928182125,0.03742555156350136,,0.0,,,,,,0.004058247897773981,0.10818230360746384,0.0,0.032158926129341125,0.0,0.0,0.0,0.0,0.3360534906387329,0.0004938186196062264,,,
170,True,,0.016560126096010208,0.02901916578412056,,0.0,,,,,,0.008365912362933159,0.07523209601640701,0.0,0.032739438116550446,0.0,0.0,0.0,0.0,0.089375801384449,0.0004937351963527324,,,
171,True,,0.017755581066012383,0.03503260761499405,,0.0,,,,,,0.007052305154502392,0.09906856715679169,0.0,0.035065069794654846,0.0,0.0,0.0,0.0,0.3005686402320862,0.0004936512218769926,,,
172,True,,0.009622671641409397,0.02867754176259041,,0.0,,,,,,0.0026158192194998264,0.06157500296831131,0.0,0.01868276670575142,0.0,0.0,0.0,0.0,0.09888336807489395,0.0004935666963906266,,,
173,True,,0.011525318957865238,0.03049498237669468,,0.0,,,,,,0.0024269241839647293,0.08081523329019547,0.0,0.022338716313242912,0.0,0.0,0.0,0.0,0.1989135593175888,0.000493481620106642,,,
174,True,,0.01434661727398634,0.02925632894039154,,0.0,,,,,,0.0036657871678471565,0.09539744257926941,0.0,0.027844712138175964,0.0,0.0,0.0,0.0,0.18511389195919037,0.0004933959932394349,,,
175,True,,0.01702435128390789,0.037319812923669815,,0.0,,,,,,0.006481293588876724,0.09699337184429169,0.0,0.03357817977666855,0.0,0.0,0.0,0.0,0.12065151333808899,0.0004933098160047888,,,
176,True,,0.009409637190401554,0.035497523844242096,,0.0,,,,,,0.00247753388248384,0.06216561421751976,0.0,0.018458709120750427,0.0,0.0,0.0,0.0,0.1348513960838318,0.000493223088619874,,,
177,True,,0.0133065115660429,0.027880866080522537,,0.0,,,,,,0.005050248466432095,0.07124842703342438,0.0,0.025760410353541374,0.0,0.0,0.0,0.0,0.22852157056331635,0.0004931358113032473,,,
178,True,,0.0179252028465271,0.03890816494822502,,0.0,,,,,,0.007175379898399115,0.09809387475252151,0.0,0.03529905527830124,0.0,0.0,0.0,0.0,0.12127143144607544,0.0004930479842748514,,,
179,True,,0.01271490752696991,0.031120266765356064,,0.0,,,,,,0.004432344809174538,0.0738309994339943,0.0,0.0248415544629097,0.0,0.0,0.0,0.0,0.09196469932794571,0.0004929596077560143,,,
180,True,,0.01352541521191597,0.029565073549747467,,0.0,,,,,,0.0053067877888679504,0.07444649934768677,0.0,0.02657250314950943,0.0,0.0,0.0,0.0,0.13954424858093262,0.0004928706819694485,,,
181,True,,0.011153960600495338,0.024268943816423416,,0.0,,,,,,0.0037253599148243666,0.06924959272146225,0.0,0.022046968340873718,0.0,0.0,0.0,0.0,0.1359141767024994,0.0004927812071392511,,,
182,True,,0.008431775495409966,0.029918061569333076,,0.0,,,,,,0.0020485862623900175,0.057207487523555756,0.0,0.016500290483236313,0.0,0.0,0.0,0.0,0.1845252811908722,0.0004926911834909024,,,
183,True,,0.015641052275896072,0.048939358443021774,,0.0,,,,,,0.005074320361018181,0.09683237969875336,0.0,0.03088800422847271,0.0,0.0,0.0,0.0,0.16829504072666168,0.000492600611251266,,,
184,True,,0.0155086200684309,0.042841874063014984,,0.0,,,,,,0.005152910947799683,0.08783580362796783,0.0,0.029873531311750412,0.0,0.0,0.0,0.0,0.11241845041513443,0.0004925094906485879,,,
185,True,,0.011600801721215248,0.03526908904314041,,0.0,,,,,,0.003542662365362048,0.07338309288024902,0.0,0.02283446490764618,0.0,0.0,0.0,0.0,0.1209137886762619,0.000492417821912496,,,
186,True,,0.014624597504734993,0.03554210066795349,,0.0,,,,,,0.004765031393617392,0.08846533298492432,0.0,0.02859158255159855,0.0,0.0,0.0,0.0,0.3385196030139923,0.0004923256052739994,,,
187,True,,0.008171645924448967,0.024065207690000534,,0.0,,,,,,0.0019825815688818693,0.05488996580243111,0.0,0.015883876010775566,0.0,0.0,0.0,0.0,0.1480662077665329,0.0004922328409654881,,,
188,True,,0.011861419305205345,0.044717054814100266,,0.0,,,,,,0.003540207166224718,0.07250786572694778,0.0,0.023099584504961967,0.0,0.0,0.0,0.0,0.10753083229064941,0.0004921395292207324,,,
189,True,,0.01589728146791458,0.03565094992518425,,0.0,,,,,,0.005215915851294994,0.0998084545135498,0.0,0.0314505510032177,0.0,0.0,0.0,0.0,0.12032432854175568,0.0004920456702748817,,,
190,True,,0.014620775356888771,0.04179838299751282,,0.0,,,,,,0.004386515356600285,0.09368389844894409,0.0,0.028793664649128914,0.0,0.0,0.0,0.0,0.14407247304916382,0.000491951264364465,,,
191,True,,0.01203443668782711,0.04074177145957947,,0.0,,,,,,0.003179065650328994,0.07858407497406006,0.0,0.02347932755947113,0.0,0.0,0.0,0.0,0.24714572727680206,0.000491856311727389,,,
192,True,,0.01484299823641777,0.034298885613679886,,0.0,,,,,,0.005784822162240744,0.08106594532728195,0.0,0.029077403247356415,0.0,0.0,0.0,0.0,0.10444814711809158,0.0004917608126029384,,,
193,True,,0.013933105394244194,0.02924482524394989,,0.0,,,,,,0.004671512171626091,0.08502190560102463,0.0,0.027399256825447083,0.0,0.0,0.0,0.0,0.11808925122022629,0.0004916647672317755,,,
194,True,,0.010566259734332561,0.033110734075307846,,0.0,,,,,,0.001942146336659789,0.07635714113712311,0.0,0.020475227385759354,0.0,0.0,0.0,0.0,0.2264402210712433,0.0004915681758559387,,,
195,True,,0.013543615117669106,0.029360709711909294,,0.0,,,,,,0.004065524321049452,0.08575694262981415,0.0,0.026478441432118416,0.0,0.0,0.0,0.0,0.09945497661828995,0.0004914710387188423,,,
196,True,,0.015342647209763527,0.0364016592502594,,0.0,,,,,,0.0048269424587488174,0.09532812237739563,0.0,0.030066419392824173,0.0,0.0,0.0,0.0,0.16446273028850555,0.0004913733560652764,,,
197,True,,0.010344097390770912,0.026231182739138603,,0.0,,,,,,0.003750383388251066,0.05704190582036972,0.0,0.020060982555150986,0.0,0.0,0.0,0.0,0.0874180719256401,0.0004912751281414054,,,
198,True,,0.015380913391709328,0.03535012900829315,,0.0,,,,,,0.004917528480291367,0.09596818685531616,0.0,0.03024876117706299,0.0,0.0,0.0,0.0,0.10400034487247467,0.000491176355194768,,,
199,True,,0.012318599969148636,0.036727964878082275,,0.0,,,,,,0.003141942201182246,0.0812680721282959,0.0,0.02395462989807129,0.0,0.0,0.0,0.0,0.17187801003456116,0.0004910770374742763,,,
200,True,,0.014154746197164059,0.04339727759361267,,0.0,,,,,,0.003624552860856056,0.09527477622032166,0.0,0.027740750461816788,0.0,0.0,0.0,0.0,0.10987289249897003,0.0004909771752302154,0.04435560232116948,0.006566896497943983,0.06425585013671627
201,True,,0.015546446666121483,0.03539872169494629,,0.0,,,,,,0.005955853499472141,0.08755866438150406,0.0,0.030612153932452202,0.0,0.0,0.0,0.0,0.058517783880233765,0.0004908767687142424,,,
202,True,,0.01713182032108307,0.04346715658903122,,0.0,,,,,,0.005404049064964056,0.10475847125053406,0.0,0.03344638645648956,0.0,0.0,0.0,0.0,0.14200589060783386,0.0004907758181793862,,,
203,True,,0.01401597075164318,0.04669099301099777,,0.0,,,,,,0.004424567334353924,0.08274504542350769,0.0,0.027181953191757202,0.0,0.0,0.0,0.0,0.19220542907714844,0.0004906743238800465,,,
204,True,,0.014942492358386517,0.030675113201141357,,0.0,,,,,,0.005973444785922766,0.08237314224243164,0.0,0.02946000173687935,0.0,0.0,0.0,0.0,0.1109035313129425,0.0004905722860719931,,,
205,True,,0.010786900296807289,0.02499871328473091,,0.0,,,,,,0.003240822581574321,0.06937342137098312,0.0,0.021215051412582397,0.0,0.0,0.0,0.0,0.11274932324886322,0.0004904697050123663,,,
206,True,,0.014298221096396446,0.03145113214850426,,0.0,,,,,,0.005181699991226196,0.08478154242038727,0.0,0.028272587805986404,0.0,0.0,0.0,0.0,0.13898444175720215,0.0004903665809596745,,,
207,True,,0.009014121256768703,0.03262563422322273,,0.0,,,,,,0.002319242339581251,0.059772804379463196,0.0,0.017636900767683983,0.0,0.0,0.0,0.0,0.1034751608967781,0.0004902629141737948,,,
208,True,,0.01506262831389904,0.03423573821783066,,0.0,,,,,,0.004602956585586071,0.09525159001350403,0.0,0.029533101245760918,0.0,0.0,0.0,0.0,0.1444527506828308,0.0004901587049159721,,,
209,True,,0.012751488946378231,0.034222278743982315,,0.0,,,,,,0.0035510517191141844,0.08544035255908966,0.0,0.02518879994750023,0.0,0.0,0.0,0.0,0.10253734886646271,0.0004900539534488183,,,
210,True,,0.01589333452284336,0.03160936385393143,,0.0,,,,,,0.004844587296247482,0.09690556675195694,0.0,0.03074457123875618,0.0,0.0,0.0,0.0,0.17638267576694489,0.0004899486600363117,,,
211,True,,0.010223258286714554,0.041218459606170654,,0.0,,,,,,0.0023328105453401804,0.06891819834709167,0.0,0.019860073924064636,0.0,0.0,0.0,0.0,0.18054185807704926,0.0004898428249437961,,,
212,True,,0.01665782742202282,0.03482268750667572,,0.0,,,,,,0.006756418850272894,0.08961888402700424,0.0,0.03272436186671257,0.0,0.0,0.0,0.0,0.1102651059627533,0.0004897364484379808,,,
213,True,,0.01482697669416666,0.03743453323841095,,0.0,,,,,,0.0056360987946391106,0.08286380022764206,0.0,0.029123801738023758,0.0,0.0,0.0,0.0,0.12399769574403763,0.000489629530786939,,,
214,True,,0.010880185291171074,0.03616560250520706,,0.0,,,,,,0.0025671557523310184,0.07298354059457779,0.0,0.021107349544763565,0.0,0.0,0.0,0.0,0.1533852368593216,0.0004895220722601081,,,
215,True,,0.015429501421749592,0.03990032523870468,,0.0,,,,,,0.004376748111099005,0.09982943534851074,0.0,0.030188195407390594,0.0,0.0,0.0,0.0,0.1410975158214569,0.0004894140731282881,,,
216,True,,0.017572956159710884,0.03254495561122894,,0.0,,,,,,0.006505386438220739,0.10112875699996948,0.0,0.03451666980981827,0.0,0.0,0.0,0.0,0.10748517513275146,0.0004893055336636416,,,
217,True,,0.012778733856976032,0.026411693543195724,,0.0,,,,,,0.004002923145890236,0.07820047438144684,0.0,0.02486582100391388,0.0,0.0,0.0,0.0,0.13704395294189453,0.0004891964541396929,,,
218,True,,0.006519873160868883,0.02205977588891983,,0.0,,,,,,0.0015066501218825579,0.04383822903037071,0.0,0.012630943208932877,0.0,0.0,0.0,0.0,0.1854402869939804,0.0004890868348313268,,,
219,True,,0.009541429579257965,0.03294989466667175,,0.0,,,,,,0.0021437336690723896,0.06708450615406036,0.0,0.01872311159968376,0.0,0.0,0.0,0.0,0.11315962672233582,0.0004889766760147892,,,
220,True,,0.01680319383740425,0.03730013221502304,,0.0,,,,,,0.006190943531692028,0.0969376266002655,0.0,0.03306090086698532,0.0,0.0,0.0,0.0,0.1638222187757492,0.0004888659779676848,,,
221,True,,0.010987255722284317,0.03833795338869095,,0.0,,,,,,0.0025901412591338158,0.07603506743907928,0.0,0.021564282476902008,0.0,0.0,0.0,0.0,0.1672099083662033,0.0004887547409689777,,,
222,True,,0.009941501542925835,0.029410216957330704,,0.0,,,,,,0.002492083702236414,0.06799311935901642,0.0,0.019526999443769455,0.0,0.0,0.0,0.0,0.17002567648887634,0.0004886429652989898,,,
223,True,,0.024400267750024796,0.04435037076473236,,0.0,,,,,,0.01129071693867445,0.12090421468019485,0.0,0.04822491109371185,0.0,0.0,0.0,0.0,0.12073007971048355,0.000488530651239401,,,
224,True,,0.011669491417706013,0.040469489991664886,,0.0,,,,,,0.0032540883403271437,0.0718471109867096,0.0,0.02251298725605011,0.0,0.0,0.0,0.0,0.18982644379138947,0.0004884177990732471,,,
225,True,,0.009760020300745964,0.030523542314767838,,0.0,,,,,,0.002716305200010538,0.06170368194580078,0.0,0.018951930105686188,0.0,0.0,0.0,0.0,0.15832316875457764,0.0004883044090849211,,,
226,True,,0.020899692550301552,0.03407951816916466,,0.0,,,,,,0.009140565991401672,0.10857823491096497,0.0,0.041238877922296524,0.0,0.0,0.0,0.0,0.18799105286598206,0.0004881904815601703,,,
227,True,,0.01193026453256607,0.025058355182409286,,0.0,,,,,,0.004274963401257992,0.06546606123447418,0.0,0.023002417758107185,0.0,0.0,0.0,0.0,0.1504538655281067,0.00048807601678609714,,,
228,True,,0.009860356338322163,0.030302368104457855,,0.0,,,,,,0.002820660825818777,0.06135629862546921,0.0,0.01911967061460018,0.0,0.0,0.0,0.0,0.14693714678287506,0.000487961015051158,,,
229,True,,0.009547768160700798,0.026887832209467888,,0.0,,,,,,0.00273713911883533,0.05901641398668289,0.0,0.018455427139997482,0.0,0.0,0.0,0.0,0.17927169799804688,0.000487845476645162,,,
230,True,,0.012920781970024109,0.030679937452077866,,0.0,,,,,,0.004404007922858,0.07695088535547256,0.0,0.025326676666736603,0.0,0.0,0.0,0.0,0.14571312069892883,0.00048772940185927123,,,
231,True,,0.012490184977650642,0.03681088984012604,,0.0,,,,,,0.0038550382014364004,0.07586102187633514,0.0,0.024299435317516327,0.0,0.0,0.0,0.0,0.1274591088294983,0.0004876127909859991,,,
232,True,,0.010652531869709492,0.029910098761320114,,0.0,,,,,,0.0028169085271656513,0.07066960632801056,0.0,0.020835502073168755,0.0,0.0,0.0,0.0,0.14465048909187317,0.00048749564431921,,,
233,True,,0.016831915825605392,0.04729093611240387,,0.0,,,,,,0.00557311624288559,0.10240674763917923,0.0,0.03311861306428909,0.0,0.0,0.0,0.0,0.1415959745645523,0.0004873779621541189,,,
234,True,,0.01155581884086132,0.027003474533557892,,0.0,,,,,,0.004005211405456066,0.06736496835947037,0.0,0.022567562758922577,0.0,0.0,0.0,0.0,0.08496451377868652,0.00048725974478728976,,,
235,True,,0.02473720908164978,0.03787209093570709,,0.0,,,,,,0.01124251913279295,0.12375488132238388,0.0,0.04873393476009369,0.0,0.0,0.0,0.0,0.1906687319278717,0.0004871409925166356,,,
236,True,,0.013662135228514671,0.030471675097942352,,0.0,,,,,,0.004990126937627792,0.07673650979995728,0.0,0.02663062885403633,0.0,0.0,0.0,0.0,0.19975443184375763,0.0004870217056414173,,,
237,True,,0.014222686178982258,0.029309961944818497,,0.0,,,,,,0.004693028517067432,0.08511634916067123,0.0,0.02772044949233532,0.0,0.0,0.0,0.0,0.23477105796337128,0.0004869018844622431,,,
238,True,,0.010640417225658894,0.023580919951200485,,0.0,,,,,,0.0029791067354381084,0.06874412298202515,0.0,0.02072974666953087,0.0,0.0,0.0,0.0,0.1464458405971527,0.0004867815292810675,,,
239,True,,0.010522646829485893,0.024079781025648117,,0.0,,,,,,0.0018900356953963637,0.0784941166639328,0.0,0.020502891391515732,0.0,0.0,0.0,0.0,0.32724857330322266,0.00048666064040119077,,,
240,True,,0.012014269828796387,0.03947600722312927,,0.0,,,,,,0.004007020033895969,0.07190120965242386,0.0,0.02360616996884346,0.0,0.0,0.0,0.0,0.19179663062095642,0.00048653921812725825,,,
241,True,,0.008236921392381191,0.033305928111076355,,0.0,,,,,,0.0016133820172399282,0.05792590603232384,0.0,0.01597595401108265,0.0,0.0,0.0,0.0,0.24768395721912384,0.00048641726276525937,,,
242,True,,0.013274790719151497,0.02760586515069008,,0.0,,,,,,0.004893912933766842,0.07668249309062958,0.0,0.026113010942935944,0.0,0.0,0.0,0.0,0.09846629947423935,0.00048629477462252695,,,
243,True,,0.01124116126447916,0.03829531744122505,,0.0,,,,,,0.0034929995890706778,0.06976882368326187,0.0,0.0220939964056015,0.0,0.0,0.0,0.0,0.09515173733234406,0.00048617175400773643,,,
244,True,,0.01025626715272665,0.02489515021443367,,0.0,,,,,,0.0035846643149852753,0.057613156735897064,0.0,0.0198512002825737,0.0,0.0,0.0,0.0,0.20978738367557526,0.00048604820123090514,,,
245,True,,0.014481794089078903,0.029476307332515717,,0.0,,,,,,0.005231610499322414,0.08411077409982681,0.0,0.028419245034456253,0.0,0.0,0.0,0.0,0.12870745360851288,0.0004859241166033916,,,
246,True,,0.010910159908235073,0.03560309484601021,,0.0,,,,,,0.0027913027442991734,0.07167638838291168,0.0,0.021225132048130035,0.0,0.0,0.0,0.0,0.12706972658634186,0.0004857995004378942,,,
247,True,,0.011422195471823215,0.027860529720783234,,0.0,,,,,,0.004186806734651327,0.06617662310600281,0.0,0.022505268454551697,0.0,0.0,0.0,0.0,0.14986485242843628,0.0004856743530484515,,,
248,True,,0.011271482333540916,0.026932884007692337,,0.0,,,,,,0.003527168883010745,0.0716158077120781,0.0,0.02222956158220768,0.0,0.0,0.0,0.0,0.19849041104316711,0.00048554867475043996,,,
249,True,,0.014709279872477055,0.03316596895456314,,0.0,,,,,,0.005504864268004894,0.0824115127325058,0.0,0.028786955401301384,0.0,0.0,0.0,0.0,0.14201165735721588,0.0004854224658605748,,,
250,True,,0.014095175080001354,0.026759184896945953,,0.0,,,,,,0.005680921487510204,0.07494600117206573,0.0,0.02753828838467598,0.0,0.0,0.0,0.0,0.11462297290563583,0.00048529572669690757,,,
251,True,,0.011987950652837753,0.03163481503725052,,0.0,,,,,,0.004625299479812384,0.06646812707185745,0.0,0.023576410487294197,0.0,0.0,0.0,0.0,0.15847410261631012,0.00048516845757882673,,,
252,True,,0.017550500109791756,0.03316884860396385,,0.0,,,,,,0.006518095266073942,0.1004820317029953,0.0,0.03444848954677582,0.0,0.0,0.0,0.0,0.21355825662612915,0.00048504065882705596,,,
253,True,,0.015757955610752106,0.03568022698163986,,0.0,,,,,,0.00560736283659935,0.09220390021800995,0.0,0.030942510813474655,0.0,0.0,0.0,0.0,0.12991972267627716,0.00048491233076365366,,,
254,True,,0.011987829580903053,0.040733642876148224,,0.0,,,,,,0.00359956081956625,0.07282716035842896,0.0,0.023277442902326584,0.0,0.0,0.0,0.0,0.2486051619052887,0.00048478347371201213,,,
255,True,,0.01156680192798376,0.025501564145088196,,0.0,,,,,,0.0033925813622772694,0.0727602168917656,0.0,0.022490421310067177,0.0,0.0,0.0,0.0,0.13634894788265228,0.00048465408799685687,,,
256,True,,0.013859867118299007,0.02736564353108406,,0.0,,,,,,0.005009011831134558,0.08010098338127136,0.0,0.027152635157108307,0.0,0.0,0.0,0.0,0.09651757776737213,0.00048452417394424547,,,
257,True,,0.010697029531002045,0.029352817684412003,,0.0,,,,,,0.0031608666758984327,0.06591130793094635,0.0,0.02074255421757698,0.0,0.0,0.0,0.0,0.17323525249958038,0.000484393731881567,,,
258,True,,0.013501577079296112,0.03139534592628479,,0.0,,,,,,0.004222767427563667,0.08425062149763107,0.0,0.026463359594345093,0.0,0.0,0.0,0.0,0.18213631212711334,0.00048426276213754123,,,
259,True,,0.011768854223191738,0.03336617350578308,,0.0,,,,,,0.004133633337914944,0.07003842294216156,0.0,0.023239992558956146,0.0,0.0,0.0,0.0,0.07796313613653183,0.0004841312650422175,,,
260,True,,0.009589526802301407,0.02748880349099636,,0.0,,,,,,0.0022868667729198933,0.06280885636806488,0.0,0.018432166427373886,0.0,0.0,0.0,0.0,0.14396341145038605,0.0004839992409269743,,,
261,True,,0.007838196121156216,0.027534794062376022,,0.0,,,,,,0.0017811179859563708,0.05192635580897331,0.0,0.015087297186255455,0.0,0.0,0.0,0.0,0.2082384079694748,0.00048386669012451825,,,
262,True,,0.01308642327785492,0.02556566894054413,,0.0,,,,,,0.0052171312272548676,0.06965994089841843,0.0,0.025525204837322235,0.0,0.0,0.0,0.0,0.0930718407034874,0.00048373361296888303,,,
263,True,,0.010374750941991806,0.03171197697520256,,0.0,,,,,,0.0030996284913271666,0.06588108837604523,0.0,0.020379608497023582,0.0,0.0,0.0,0.0,0.06624609231948853,0.00048360000979542884,,,
264,True,,0.010278276167809963,0.029826823621988297,,0.0,,,,,,0.002469310536980629,0.07029501348733902,0.0,0.0200753565877676,0.0,0.0,0.0,0.0,0.12796668708324432,0.0004834658809408417,,,
265,True,,0.012938082218170166,0.044997941702604294,,0.0,,,,,,0.004211053252220154,0.07713152468204498,0.0,0.025312267243862152,0.0,0.0,0.0,0.0,0.1759689748287201,0.00048333122674313207,,,
266,True,,0.006575246341526508,0.022269025444984436,,0.0,,,,,,0.0022189030423760414,0.03726416453719139,0.0,0.01274325605481863,0.0,0.0,0.0,0.0,0.21828313171863556,0.0004831960475416345,,,
267,True,,0.010593846440315247,0.028873462229967117,,0.0,,,,,,0.003053160384297371,0.06854645907878876,0.0,0.02079038694500923,0.0,0.0,0.0,0.0,0.11343152076005936,0.0004830603436770063,,,
268,True,,0.010120941326022148,0.023112338036298752,,0.0,,,,,,0.003216845914721489,0.06232752650976181,0.0,0.019801665097475052,0.0,0.0,0.0,0.0,0.21443147957324982,0.00048292411549122723,,,
269,True,,0.012815775349736214,0.02766573429107666,,0.0,,,,,,0.004725597333163023,0.07360660284757614,0.0,0.025178689509630203,0.0,0.0,0.0,0.0,0.12209302186965942,0.0004827873633275983,,,
270,True,,0.01296836044639349,0.02719932235777378,,0.0,,,,,,0.003962936345487833,0.08456721156835556,0.0,0.025660011917352676,0.0,0.0,0.0,0.0,0.16611409187316895,0.0004826500875307409,,,
271,True,,0.015917964279651642,0.03184396028518677,,0.0,,,,,,0.005873117130249739,0.0908258855342865,0.0,0.031192108988761902,0.0,0.0,0.0,0.0,0.10043799877166748,0.0004825122884465961,,,
272,True,,0.009214412420988083,0.01886315643787384,,0.0,,,,,,0.0022132168523967266,0.06105814129114151,0.0,0.017722075805068016,0.0,0.0,0.0,0.0,0.22950060665607452,0.00048237396642242345,,,
273,True,,0.013160690665245056,0.02821061760187149,,0.0,,,,,,0.004266283940523863,0.07954142987728119,0.0,0.02566322311758995,0.0,0.0,0.0,0.0,0.17142927646636963,0.0004822351218068006,,,
274,True,,0.012794500216841698,0.024472583085298538,,0.0,,,,,,0.004994723945856094,0.0717354342341423,0.0,0.02520749345421791,0.0,0.0,0.0,0.0,0.08421879261732101,0.00048209575494962217,,,
275,True,,0.008335319347679615,0.021145779639482498,,0.0,,,,,,0.002742782235145569,0.04877231642603874,0.0,0.016166791319847107,0.0,0.0,0.0,0.0,0.128456249833107,0.0004819558662020985,,,
276,True,,0.01272229477763176,0.02933308482170105,,0.0,,,,,,0.0038712802343070507,0.081459179520607,0.0,0.025032823905348778,0.0,0.0,0.0,0.0,0.08208540827035904,0.0004818154559167554,,,
277,True,,0.013956492766737938,0.031046532094478607,,0.0,,,,,,0.004899410530924797,0.08061845600605011,0.0,0.027228213846683502,0.0,0.0,0.0,0.0,0.12163358926773071,0.0004816745244474329,,,
278,True,,0.013062546029686928,0.02625676617026329,,0.0,,,,,,0.005270269699394703,0.07171793282032013,0.0,0.02576717734336853,0.0,0.0,0.0,0.0,0.08040951192378998,0.0004815330721492846,,,
279,True,,0.010525472462177277,0.02426496520638466,,0.0,,,,,,0.003412561258301139,0.06258459389209747,0.0,0.020439142361283302,0.0,0.0,0.0,0.0,0.14693553745746613,0.00048139109937877627,,,
280,True,,0.01699838973581791,0.03525284677743912,,0.0,,,,,,0.006628620903939009,0.09679292142391205,0.0,0.03365883231163025,0.0,0.0,0.0,0.0,0.10569107532501221,0.0004812486064936857,,,
281,True,,0.012477667070925236,0.02372787892818451,,0.0,,,,,,0.004248076118528843,0.072768934071064,0.0,0.0242399163544178,0.0,0.0,0.0,0.0,0.1085970401763916,0.00048110559385310103,,,
282,True,,0.01351601630449295,0.027989203110337257,,0.0,,,,,,0.004315578378736973,0.0842580646276474,0.0,0.026537293568253517,0.0,0.0,0.0,0.0,0.16779682040214539,0.00048096206181742047,,,
283,True,,0.012885156087577343,0.03493938967585564,,0.0,,,,,,0.004100716207176447,0.07964082807302475,0.0,0.025299349799752235,0.0,0.0,0.0,0.0,0.10819859057664871,0.0004808180107483509,,,
284,True,,0.01821332983672619,0.034285467118024826,,0.0,,,,,,0.007875765673816204,0.09501141309738159,0.0,0.03593309223651886,0.0,0.0,0.0,0.0,0.08358824253082275,0.00048067344100890733,,,
285,True,,0.011208618991076946,0.028914542868733406,,0.0,,,,,,0.0028352707158774137,0.07503770291805267,0.0,0.02183680608868599,0.0,0.0,0.0,0.0,0.12288801372051239,0.00048052835296341184,,,
286,True,,0.014753174036741257,0.027590662240982056,,0.0,,,,,,0.005361753515899181,0.08195284754037857,0.0,0.028586119413375854,0.0,0.0,0.0,0.0,0.19502638280391693,0.0004803827469774927,,,
287,True,,0.01131175272166729,0.022622719407081604,,0.0,,,,,,0.004168729297816753,0.06350299715995789,0.0,0.022057009860873222,0.0,0.0,0.0,0.0,0.14145255088806152,0.00048023662341808326,,,
288,True,,0.012216554023325443,0.027936870232224464,,0.0,,,,,,0.003904018085449934,0.07679715752601624,0.0,0.024079658091068268,0.0,0.0,0.0,0.0,0.07203725725412369,0.0004800899826534213,,,
289,True,,0.014296124689280987,0.035238586366176605,,0.0,,,,,,0.004231458529829979,0.08720208704471588,0.0,0.027600176632404327,0.0,0.0,0.0,0.0,0.22317703068256378,0.000479942825053048,,,
290,True,,0.014160982333123684,0.026724476367235184,,0.0,,,,,,0.005584062542766333,0.07771988958120346,0.0,0.027784278616309166,0.0,0.0,0.0,0.0,0.22967466711997986,0.0004797951509878068,,,
291,True,,0.013451041653752327,0.03078419715166092,,0.0,,,,,,0.004811943508684635,0.08070088922977448,0.0,0.026640916243195534,0.0,0.0,0.0,0.0,0.10096218436956406,0.00047964696082984296,,,
292,True,,0.017043059691786766,0.03201785683631897,,0.0,,,,,,0.007376419380307198,0.08558542281389236,0.0,0.033298201858997345,0.0,0.0,0.0,0.0,0.13612623512744904,0.000479498254952602,,,
293,True,,0.013866948895156384,0.03127795457839966,,0.0,,,,,,0.004584630019962788,0.08287015557289124,0.0,0.027051374316215515,0.0,0.0,0.0,0.0,0.16787654161453247,0.0004793490337308294,,,
294,True,,0.009472672827541828,0.027356572449207306,,0.0,,,,,,0.002942946506664157,0.05661897733807564,0.0,0.018351081758737564,0.0,0.0,0.0,0.0,0.2109336107969284,0.00047919929754056904,,,
295,True,,0.00910760648548603,0.02616335265338421,,0.0,,,,,,0.002407159423455596,0.06101323664188385,0.0,0.017877724021673203,0.0,0.0,0.0,0.0,0.1600056141614914,0.0004790490467591626,,,
296,True,,0.011909104883670807,0.026676874607801437,,0.0,,,,,,0.0029819938354194164,0.08081869035959244,0.0,0.023239735513925552,0.0,0.0,0.0,0.0,0.2892983853816986,0.0004788982817652487,,,
297,True,,0.011592038907110691,0.030769698321819305,,0.0,,,,,,0.002988747088238597,0.07948199659585953,0.0,0.022836683318018913,0.0,0.0,0.0,0.0,0.08346681296825409,0.0004787470029387617,,,
298,True,,0.011868152767419815,0.028844965621829033,,0.0,,,,,,0.003209104761481285,0.07984811067581177,0.0,0.023350518196821213,0.0,0.0,0.0,0.0,0.11312026530504227,0.0004785952106609309,,,
299,True,,0.013788138516247272,0.03250599279999733,,0.0,,,,,,0.004536106251180172,0.08414068818092346,0.0,0.02706337347626686,0.0,0.0,0.0,0.0,0.11619096994400024,0.0004784429053142793,,,
300,True,,0.013589935377240181,0.03480195626616478,,0.0,,,,,,0.004605072550475597,0.08080767095088959,0.0,0.026623794808983803,0.0,0.0,0.0,0.0,0.2276686578989029,0.0004782900872826231,0.09006456560785872,0.019263971795220595,0.12190152359219471
301,True,,0.015194464474916458,0.038798507302999496,,0.0,,,,,,0.00525637436658144,0.09065613150596619,0.0,0.029904436320066452,0.0,0.0,0.0,0.0,0.19489310681819916,0.00047813675695107055,,,
302,True,,0.012647463008761406,0.03575227037072182,,0.0,,,,,,0.004551793448626995,0.07313525676727295,0.0,0.024870306253433228,0.0,0.0,0.0,0.0,0.0951995700597763,0.0004779829147060207,,,
303,True,,0.010304316878318787,0.04086825251579285,,0.0,,,,,,0.0024901009164750576,0.06632217019796371,0.0,0.019835317507386208,0.0,0.0,0.0,0.0,0.17611627280712128,0.0004778285609351626,,,
304,True,,0.013097899034619331,0.02901701256632805,,0.0,,,,,,0.0040751914493739605,0.07881477475166321,0.0,0.025344738736748695,0.0,0.0,0.0,0.0,0.3482242822647095,0.00047767369602747455,,,
305,True,,0.01678047887980938,0.04704008251428604,,0.0,,,,,,0.004865264520049095,0.10735885798931122,0.0,0.03285203129053116,0.0,0.0,0.0,0.0,0.15652860701084137,0.00047751832037322303,,,
306,True,,0.01280960626900196,0.03158121928572655,,0.0,,,,,,0.004498239140957594,0.07254312187433243,0.0,0.024877969175577164,0.0,0.0,0.0,0.0,0.12495338171720505,0.00047736243436396125,,,
307,True,,0.015437695197761059,0.03340887278318405,,0.0,,,,,,0.004948444664478302,0.09478655457496643,0.0,0.03019888326525688,0.0,0.0,0.0,0.0,0.3012721538543701,0.0004772060383925289,,,
308,True,,0.015325299464166164,0.033279258757829666,,0.0,,,,,,0.004949597641825676,0.09358514845371246,0.0,0.02996620535850525,0.0,0.0,0.0,0.0,0.3937380611896515,0.00047704913285305067,,,
309,True,,0.01203070767223835,0.0383293442428112,,0.0,,,,,,0.0031689689494669437,0.07972177118062973,0.0,0.023555146530270576,0.0,0.0,0.0,0.0,0.14931483566761017,0.0004768917181409353,,,
310,True,,0.011216394603252411,0.04100128263235092,,0.0,,,,,,0.0025196874048560858,0.07672005891799927,0.0,0.021818101406097412,0.0,0.0,0.0,0.0,0.30637165904045105,0.0004767337946528749,,,
311,True,,0.012194964103400707,0.03222779184579849,,0.0,,,,,,0.004146161489188671,0.07185965776443481,0.0,0.02384936809539795,0.0,0.0,0.0,0.0,0.28499743342399597,0.00047657536278684323,,,
312,True,,0.015844469889998436,0.04209471493959427,,0.0,,,,,,0.0059705013409256935,0.0899893194437027,0.0,0.031234851107001305,0.0,0.0,0.0,0.0,0.0923234149813652,0.00047641642294209575,,,
313,True,,0.018689902499318123,0.04217562824487686,,0.0,,,,,,0.006055716425180435,0.11417758464813232,0.0,0.03658513352274895,0.0,0.0,0.0,0.0,0.11506664007902145,0.0004762569755191678,,,
314,True,,0.014928391203284264,0.03890131786465645,,0.0,,,,,,0.005118745844811201,0.08390229195356369,0.0,0.028826380148530006,0.0,0.0,0.0,0.0,0.1837017834186554,0.0004760970209198738,,,
315,True,,0.01365787535905838,0.03501558676362038,,0.0,,,,,,0.004429898224771023,0.07957106828689575,0.0,0.0263950377702713,0.0,0.0,0.0,0.0,0.1966356635093689,0.0004759365595473063,,,
316,True,,0.014595838263630867,0.03987947106361389,,0.0,,,,,,0.004490343388170004,0.09333150088787079,0.0,0.028818126767873764,0.0,0.0,0.0,0.0,0.13814616203308105,0.00047577559180583503,,,
317,True,,0.008543561212718487,0.023013373836874962,,0.0,,,,,,0.00229652295820415,0.0540742501616478,0.0,0.016477642580866814,0.0,0.0,0.0,0.0,0.10831460356712341,0.0004756141181011057,,,
318,True,,0.009007692337036133,0.029026281088590622,,0.0,,,,,,0.0021480456925928593,0.06305567920207977,0.0,0.01775156706571579,0.0,0.0,0.0,0.0,0.23669052124023438,0.00047545213884003904,,,
319,True,,0.015925509855151176,0.03191515803337097,,0.0,,,,,,0.00573381781578064,0.09175175428390503,0.0,0.03115365467965603,0.0,0.0,0.0,0.0,0.1555004119873047,0.00047528965443082994,,,
320,True,,0.012778004631400108,0.03251747786998749,,0.0,,,,,,0.0040328968316316605,0.07903219759464264,0.0,0.025039296597242355,0.0,0.0,0.0,0.0,0.09245025366544724,0.00047512666528294617,,,
321,True,,0.009280064143240452,0.022641601040959358,,0.0,,,,,,0.0027074262034147978,0.059248365461826324,0.0,0.018138743937015533,0.0,0.0,0.0,0.0,0.09102629870176315,0.00047496317180712757,,,
322,True,,0.009082840755581856,0.025692887604236603,,0.0,,,,,,0.0021092984825372696,0.060283660888671875,0.0,0.017477434128522873,0.0,0.0,0.0,0.0,0.11375773698091507,0.00047479917441538473,,,
323,True,,0.012655599042773247,0.02495124191045761,,0.0,,,,,,0.004319707863032818,0.07426898926496506,0.0,0.024651717394590378,0.0,0.0,0.0,0.0,0.2045474648475647,0.0004746346735209983,,,
324,True,,0.01141288224607706,0.026833709329366684,,0.0,,,,,,0.0034395798575133085,0.07226137071847916,0.0,0.02234693616628647,0.0,0.0,0.0,0.0,0.15149211883544922,0.00047446966953851766,,,
325,True,,0.012375963851809502,0.02737199142575264,,0.0,,,,,,0.0034298531245440245,0.0808095932006836,0.0,0.02416049689054489,0.0,0.0,0.0,0.0,0.11330366879701614,0.00047430416288376013,,,
326,True,,0.010991508141160011,0.029432252049446106,,0.0,,,,,,0.0032256206031888723,0.06756759434938431,0.0,0.02126821130514145,0.0,0.0,0.0,0.0,0.14345687627792358,0.0004741381539738096,,,
327,True,,0.014033280313014984,0.032403044402599335,,0.0,,,,,,0.005276857875287533,0.07561828196048737,0.0,0.027195997536182404,0.0,0.0,0.0,0.0,0.15370945632457733,0.00047397164322701593,,,
328,True,,0.010251781903207302,0.04032084345817566,,0.0,,,,,,0.002865258604288101,0.06474124640226364,0.0,0.019994374364614487,0.0,0.0,0.0,0.0,0.10895757377147675,0.00047380463106299334,,,
329,True,,0.01570858061313629,0.03461524844169617,,0.0,,,,,,0.004740296863019466,0.09954679012298584,0.0,0.03074970841407776,0.0,0.0,0.0,0.0,0.11254840344190598,0.00047363711790261975,,,
330,True,,0.012313565239310265,0.03396575152873993,,0.0,,,,,,0.004315630532801151,0.0715658962726593,0.0,0.024125441908836365,0.0,0.0,0.0,0.0,0.09945933520793915,0.0004734691041680358,,,
331,True,,0.014221828430891037,0.028485294431447983,,0.0,,,,,,0.005975532811135054,0.07556666433811188,0.0,0.028038879856467247,0.0,0.0,0.0,0.0,0.1555412858724594,0.0004733005902826433,,,
332,True,,0.015667783096432686,0.03140582889318466,,0.0,,,,,,0.006097140721976757,0.08661031723022461,0.0,0.03074001334607601,0.0,0.0,0.0,0.0,0.200292706489563,0.0004731315766711047,,,
333,True,,0.01347443275153637,0.02086009830236435,,0.0,,,,,,0.004770347382873297,0.08149316906929016,0.0,0.026602698490023613,0.0,0.0,0.0,0.0,0.17733220756053925,0.00047296206375934156,,,
334,True,,0.015466563403606415,0.02648581936955452,,0.0,,,,,,0.005886661820113659,0.08556908369064331,0.0,0.030174992978572845,0.0,0.0,0.0,0.0,0.12038550525903702,0.0004727920519745339,,,
335,True,,0.010930908843874931,0.02517189085483551,,0.0,,,,,,0.003406287869438529,0.06286194920539856,0.0,0.02087511122226715,0.0,0.0,0.0,0.0,0.28322404623031616,0.00047262154174511876,,,
336,True,,0.017414245754480362,0.039333146065473557,,0.0,,,,,,0.005636806599795818,0.10722550749778748,0.0,0.034166932106018066,0.0,0.0,0.0,0.0,0.16424930095672607,0.0004724505335007895,,,
337,True,,0.012152839452028275,0.02893681824207306,,0.0,,,,,,0.0036635666619986296,0.0773090049624443,0.0,0.02383667603135109,0.0,0.0,0.0,0.0,0.1651492416858673,0.0004722790276724944,,,
338,True,,0.011487286537885666,0.022693084552884102,,0.0,,,,,,0.004086115397512913,0.06776799261569977,0.0,0.022577133029699326,0.0,0.0,0.0,0.0,0.13274610042572021,0.0004721070246924353,,,
339,True,,0.009511192329227924,0.028997022658586502,,0.0,,,,,,0.0020336522720754147,0.06475057452917099,0.0,0.01830987259745598,0.0,0.0,0.0,0.0,0.24009230732917786,0.0004719345249940676,,,
340,True,,0.01139281690120697,0.026828449219465256,,0.0,,,,,,0.0030331797897815704,0.07686543464660645,0.0,0.022380825132131577,0.0,0.0,0.0,0.0,0.2182101309299469,0.0004717615290120979,,,
341,True,,0.010838864371180534,0.027726834639906883,,0.0,,,,,,0.003726900089532137,0.06385038793087006,0.0,0.021228071302175522,0.0,0.0,0.0,0.0,0.09440437704324722,0.0004715880371824836,,,
342,True,,0.0178306195884943,0.036408282816410065,,0.0,,,,,,0.004809443838894367,0.1178487241268158,0.0,0.03478901833295822,0.0,0.0,0.0,0.0,0.3384980261325836,0.0004714140499424317,,,
343,True,,0.016021372750401497,0.02874905616044998,,0.0,,,,,,0.0054649654775857925,0.0965355634689331,0.0,0.03142738342285156,0.0,0.0,0.0,0.0,0.18668226897716522,0.0004712395677303977,,,
344,True,,0.01166551373898983,0.03274505212903023,,0.0,,,,,,0.0034784001763910055,0.0720909982919693,0.0,0.022680465131998062,0.0,0.0,0.0,0.0,0.1925182044506073,0.00047106459098608444,,,
345,True,,0.007820283062756062,0.027356989681720734,,0.0,,,,,,0.002018406754359603,0.05081767588853836,0.0,0.015194026753306389,0.0,0.0,0.0,0.0,0.1347190886735916,0.0004708891201504408,,,
346,True,,0.012297448702156544,0.028221728280186653,,0.0,,,,,,0.0036036595702171326,0.07583385705947876,0.0,0.023766711354255676,0.0,0.0,0.0,0.0,0.1649552881717682,0.0004707131556656611,,,
347,True,,0.008608960546553135,0.02626030519604683,,0.0,,,,,,0.0022260297555476427,0.05396974831819534,0.0,0.016494568437337875,0.0,0.0,0.0,0.0,0.21087834239006042,0.0004705366979751834,,,
348,True,,0.012569359503686428,0.036465369164943695,,0.0,,,,,,0.0033404375426471233,0.07938475906848907,0.0,0.024212926626205444,0.0,0.0,0.0,0.0,0.21953316032886505,0.00047035974752368895,,,
349,True,,0.010594108141958714,0.030803760513663292,,0.0,,,,,,0.0025413590483367443,0.06742866337299347,0.0,0.020186372101306915,0.0,0.0,0.0,0.0,0.2496667206287384,0.0004701823047571004,,,
350,True,,0.01343223825097084,0.03040522336959839,,0.0,,,,,,0.004336242564022541,0.07963736355304718,0.0,0.026036269962787628,0.0,0.0,0.0,0.0,0.21679358184337616,0.00047000437012258134,,,
351,True,,0.00942196510732174,0.02304595708847046,,0.0,,,,,,0.0025461791083216667,0.06224752217531204,0.0,0.018423356115818024,0.0,0.0,0.0,0.0,0.14392822980880737,0.00046982594406853493,,,
352,True,,0.01705319993197918,0.027201790362596512,,0.0,,,,,,0.00650820042937994,0.09636010974645615,0.0,0.03346943110227585,0.0,0.0,0.0,0.0,0.1808212697505951,0.0004696470270446025,,,
353,True,,0.011492117308080196,0.02763192355632782,,0.0,,,,,,0.003824739484116435,0.06829550862312317,0.0,0.022422727197408676,0.0,0.0,0.0,0.0,0.1934671252965927,0.0004694676195016628,,,
354,True,,0.010875682346522808,0.03334242105484009,,0.0,,,,,,0.0024301293306052685,0.07664163410663605,0.0,0.02130340039730072,0.0,0.0,0.0,0.0,0.13755552470684052,0.00046928772189183074,,,
355,True,,0.010208875872194767,0.02420783042907715,,0.0,,,,,,0.0030410909093916416,0.06323325634002686,0.0,0.019815370440483093,0.0,0.0,0.0,0.0,0.14624612033367157,0.000469107334668456,,,
356,True,,0.015367633663117886,0.03295617923140526,,0.0,,,,,,0.005413574166595936,0.09351480007171631,0.0,0.030462250113487244,0.0,0.0,0.0,0.0,0.10623102635145187,0.00046892645828612236,,,
357,True,,0.00784663949161768,0.026071112602949142,,0.0,,,,,,0.0016560953808948398,0.05328450724482536,0.0,0.01509189698845148,0.0,0.0,0.0,0.0,0.16702258586883545,0.00046874509320064616,,,
358,True,,0.006241238676011562,0.0293206088244915,,0.0,,,,,,0.0010420279577374458,0.043773017823696136,0.0,0.011953774839639664,0.0,0.0,0.0,0.0,0.15416857600212097,0.0004685632398690755,,,
359,True,,0.010100220330059528,0.030412666499614716,,0.0,,,,,,0.0029458000790327787,0.06314802169799805,0.0,0.019664950668811798,0.0,0.0,0.0,0.0,0.08098047226667404,0.00046838089874968845,,,
360,True,,0.012041532434523106,0.03474383056163788,,0.0,,,,,,0.0033301934599876404,0.08006029576063156,0.0,0.023725192993879318,0.0,0.0,0.0,0.0,0.0943496897816658,0.0004681980703019928,,,
361,True,,0.011721102520823479,0.027483465149998665,,0.0,,,,,,0.003243413520976901,0.07594595104455948,0.0,0.022833945229649544,0.0,0.0,0.0,0.0,0.13201095163822174,0.000468014754986724,,,
362,True,,0.010306433774530888,0.02375917136669159,,0.0,,,,,,0.0021433436777442694,0.07387154549360275,0.0,0.020074523985385895,0.0,0.0,0.0,0.0,0.15983229875564575,0.000467830953265845,,,
363,True,,0.009805631823837757,0.04961689934134483,,0.0,,,,,,0.0023625590838491917,0.06372823566198349,0.0,0.01903718337416649,0.0,0.0,0.0,0.0,0.21193325519561768,0.0004676466656025438,,,
364,True,,0.012540603056550026,0.0287470780313015,,0.0,,,,,,0.004598239902406931,0.07226311415433884,0.0,0.024652626365423203,0.0,0.0,0.0,0.0,0.09644815325737,0.00046746189246123357,,,
365,True,,0.013835228979587555,0.02934418059885502,,0.0,,,,,,0.0054756342433393,0.07380074262619019,0.0,0.026984378695487976,0.0,0.0,0.0,0.0,0.13164077699184418,0.0004672766343075505,,,
366,True,,0.012772826477885246,0.028339628130197525,,0.0,,,,,,0.0041089956648647785,0.08081186562776566,0.0,0.025246404111385345,0.0,0.0,0.0,0.0,0.11755353212356567,0.0004670908916083536,,,
367,True,,0.013922716490924358,0.037247978150844574,,0.0,,,,,,0.004768009297549725,0.08472540974617004,0.0,0.02753574773669243,0.0,0.0,0.0,0.0,0.09963778406381607,0.00046690466483172215,,,
368,True,,0.008638139814138412,0.027203958481550217,,0.0,,,,,,0.002225518226623535,0.05626911297440529,0.0,0.016762608662247658,0.0,0.0,0.0,0.0,0.13739480078220367,0.0004667179544469561,,,
369,True,,0.011393843218684196,0.02518378384411335,,0.0,,,,,,0.0034525389783084393,0.0736452266573906,0.0,0.022462744265794754,0.0,0.0,0.0,0.0,0.09690626710653305,0.0004665307609245735,,,
370,True,,0.011409983038902283,0.026438936591148376,,0.0,,,,,,0.003704482689499855,0.07254128158092499,0.0,0.022632982581853867,0.0,0.0,0.0,0.0,0.08415631949901581,0.0004663430847363104,,,
371,True,,0.010235665366053581,0.022854957729578018,,0.0,,,,,,0.0035406798124313354,0.059235651046037674,0.0,0.0199284590780735,0.0,0.0,0.0,0.0,0.11648479849100113,0.0004661549263551188,,,
372,True,,0.014370464719831944,0.02743559703230858,,0.0,,,,,,0.005754686892032623,0.07949021458625793,0.0,0.02834852784872055,0.0,0.0,0.0,0.0,0.11370312422513962,0.0004659662862551662,,,
373,True,,0.010542823001742363,0.03201235458254814,,0.0,,,,,,0.0027892671059817076,0.06881333887577057,0.0,0.020533546805381775,0.0,0.0,0.0,0.0,0.17237837612628937,0.0004657771649118339,,,
374,True,,0.015523075126111507,0.0257889274507761,,0.0,,,,,,0.00567959900945425,0.08933085203170776,0.0,0.030393648892641068,0.0,0.0,0.0,0.0,0.1146574541926384,0.00046558756280171593,,,
375,True,,0.008016944862902164,0.02945069968700409,,0.0,,,,,,0.001769558060914278,0.05701935291290283,0.0,0.015782944858074188,0.0,0.0,0.0,0.0,0.1837368607521057,0.0004653974804026177,,,
376,True,,0.009060484357178211,0.027945932000875473,,0.0,,,,,,0.002881722990423441,0.0515684150159359,0.0,0.017378509044647217,0.0,0.0,0.0,0.0,0.1645006388425827,0.0004652069181935554,,,
377,True,,0.01262048352509737,0.034664276987314224,,0.0,,,,,,0.003680701367557049,0.07801758497953415,0.0,0.024449586868286133,0.0,0.0,0.0,0.0,0.15377703309059143,0.00046501587665475394,,,
378,True,,0.013597886078059673,0.035845331847667694,,0.0,,,,,,0.003925124648958445,0.08709387481212616,0.0,0.026590850204229355,0.0,0.0,0.0,0.0,0.18750247359275818,0.0004648243562676464,,,
379,True,,0.012691313400864601,0.02405749261379242,,0.0,,,,,,0.005093908868730068,0.0701107531785965,0.0,0.025036871433258057,0.0,0.0,0.0,0.0,0.08679782599210739,0.0004646323575148726,,,
380,True,,0.015697240829467773,0.03076549619436264,,0.0,,,,,,0.006067902781069279,0.08667270839214325,0.0,0.03074006922543049,0.0,0.0,0.0,0.0,0.12331781536340714,0.00046443988088027766,,,
381,True,,0.01708810403943062,0.03901580721139908,,0.0,,,,,,0.006757750175893307,0.09223160892724991,0.0,0.033459171652793884,0.0,0.0,0.0,0.0,0.1963500827550888,0.0004642469268489112,,,
382,True,,0.010299969464540482,0.026402698829770088,,0.0,,,,,,0.0031481317710131407,0.06398332118988037,0.0,0.020110461860895157,0.0,0.0,0.0,0.0,0.18407857418060303,0.00046405349590702565,,,
383,True,,0.013982459902763367,0.03584606945514679,,0.0,,,,,,0.005187586881220341,0.0792694240808487,0.0,0.027455449104309082,0.0,0.0,0.0,0.0,0.10401874035596848,0.0004638595885420756,,,
384,True,,0.015544968657195568,0.03291333466768265,,0.0,,,,,,0.00585712818428874,0.08578979969024658,0.0,0.030310209840536118,0.0,0.0,0.0,0.0,0.1065385490655899,0.00046366520524271604,,,
385,True,,0.01625460386276245,0.03854035586118698,,0.0,,,,,,0.006339479237794876,0.08782945573329926,0.0,0.03176243230700493,0.0,0.0,0.0,0.0,0.18873640894889832,0.0004634703464988014,,,
386,True,,0.013777337037026882,0.032185401767492294,,0.0,,,,,,0.004571916069835424,0.08319927752017975,0.0,0.026991035789251328,0.0,0.0,0.0,0.0,0.22451676428318024,0.00046327501280138406,,,
387,True,,0.012993298470973969,0.030361099168658257,,0.0,,,,,,0.0032665575854480267,0.08790060877799988,0.0,0.025353528559207916,0.0,0.0,0.0,0.0,0.16954101622104645,0.0004630792046427136,,,
388,True,,0.009751467034220695,0.03880975395441055,,0.0,,,,,,0.0028175085317343473,0.05994012579321861,0.0,0.018951086327433586,0.0,0.0,0.0,0.0,0.1077723428606987,0.0004628829225162351,,,
389,True,,0.01608850620687008,0.03997090458869934,,0.0,,,,,,0.005527058150619268,0.09314161539077759,0.0,0.0313294343650341,0.0,0.0,0.0,0.0,0.19562748074531555,0.0004626861669165881,,,
390,True,,0.013716225512325764,0.03293943405151367,,0.0,,,,,,0.004933682736009359,0.07917283475399017,0.0,0.026896584779024124,0.0,0.0,0.0,0.0,0.08138788491487503,0.0004624889383396053,,,
391,True,,0.017371298745274544,0.042783528566360474,,0.0,,,,,,0.007212985306978226,0.090864397585392,0.0,0.034098558127880096,0.0,0.0,0.0,0.0,0.09678748995065689,0.0004622912372823113,,,
392,True,,0.01740438863635063,0.03749937564134598,,0.0,,,,,,0.005813860334455967,0.10811741650104523,0.0,0.03440498560667038,0.0,0.0,0.0,0.0,0.1076190173625946,0.0004620930642429215,,,
393,True,,0.019274583086371422,0.03238051012158394,,0.0,,,,,,0.007663446478545666,0.10403724014759064,0.0,0.037665560841560364,0.0,0.0,0.0,0.0,0.1894921511411667,0.00046189441972084046,,,
394,True,,0.013533266261219978,0.035587020218372345,,0.0,,,,,,0.004815913736820221,0.07562631368637085,0.0,0.026267681270837784,0.0,0.0,0.0,0.0,0.14478252828121185,0.0004616953042166611,,,
395,True,,0.019357779994606972,0.04794921353459358,,0.0,,,,,,0.007603758946061134,0.10616500675678253,0.0,0.03805753216147423,0.0,0.0,0.0,0.0,0.11157532036304474,0.00046149571823216317,,,
396,True,,0.01252700760960579,0.039556100964546204,,0.0,,,,,,0.0039061289280653,0.07632003724575043,0.0,0.024460701271891594,0.0,0.0,0.0,0.0,0.15139751136302948,0.00046129566227031223,,,
397,True,,0.015505065210163593,0.04173162579536438,,0.0,,,,,,0.006399411708116531,0.07814877480268478,0.0,0.030136670917272568,0.0,0.0,0.0,0.0,0.25946083664894104,0.0004610951368352578,,,
398,True,,0.01783054880797863,0.04059594124555588,,0.0,,,,,,0.0060463156551122665,0.10569916665554047,0.0,0.03485274314880371,0.0,0.0,0.0,0.0,0.244961678981781,0.00046089414243233296,,,
399,True,,0.016595127061009407,0.03130510449409485,,0.0,,,,,,0.0059127891436219215,0.0962708592414856,0.0,0.03244805335998535,0.0,0.0,0.0,0.0,0.15687797963619232,0.0004606926795680521,,,
400,True,,0.015118440613150597,0.031947556883096695,,0.0,,,,,,0.005971836857497692,0.08068253099918365,0.0,0.029478006064891815,0.0,0.0,0.0,0.0,0.16613879799842834,0.00046049074875011077,0.06876553010702585,0.008021992419757767,0.0933718606887169
401,True,,0.014419378712773323,0.036449186503887177,,0.0,,,,,,0.00427208049222827,0.08808314800262451,0.0,0.02786426618695259,0.0,0.0,0.0,0.0,0.39758604764938354,0.00046028835048738314,,,
402,True,,0.014265688136219978,0.02999928966164589,,0.0,,,,,,0.004876798018813133,0.08267782628536224,0.0,0.027710262686014175,0.0,0.0,0.0,0.0,0.20008476078510284,0.00046008548528992185,,,
403,True,,0.016053996980190277,0.047697633504867554,,0.0,,,,,,0.005361421965062618,0.09381285309791565,0.0,0.03127368167042732,0.0,0.0,0.0,0.0,0.271128386259079,0.00045988215366895603,,,
404,True,,0.019190143793821335,0.04446346312761307,,0.0,,,,,,0.00649702362716198,0.11453910171985626,0.0,0.03758571296930313,0.0,0.0,0.0,0.0,0.29226139187812805,0.00045967835613689025,,,
405,True,,0.014296570792794228,0.030546147376298904,,0.0,,,,,,0.004577626474201679,0.08710497617721558,0.0,0.0278901569545269,0.0,0.0,0.0,0.0,0.1575789749622345,0.0004594740932073031,,,
406,True,,0.012133793905377388,0.027543464675545692,,0.0,,,,,,0.0036092360969632864,0.07643406093120575,0.0,0.023661870509386063,0.0,0.0,0.0,0.0,0.09194444864988327,0.0004592693653949462,,,
407,True,,0.011753941886126995,0.033959776163101196,,0.0,,,,,,0.002911680145189166,0.07995358109474182,0.0,0.023000579327344894,0.0,0.0,0.0,0.0,0.1592206209897995,0.00045906417321574244,,,
408,True,,0.01915089040994644,0.04413824528455734,,0.0,,,,,,0.007403649389743805,0.10185278952121735,0.0,0.037181198596954346,0.0,0.0,0.0,0.0,0.22945654392242432,0.0004588585171867853,,,
409,True,,0.011186792515218258,0.03190220147371292,,0.0,,,,,,0.004718865267932415,0.05598989501595497,0.0,0.021823668852448463,0.0,0.0,0.0,0.0,0.1645786613225937,0.0004586523978263367,,,
410,True,,0.012528805993497372,0.03186345845460892,,0.0,,,,,,0.003993696998804808,0.07721652090549469,0.0,0.024562789127230644,0.0,0.0,0.0,0.0,0.09726843237876892,0.0004584458156538265,,,
411,True,,0.01729532517492771,0.0320248156785965,,0.0,,,,,,0.006378289312124252,0.10327465832233429,0.0,0.03432133048772812,0.0,0.0,0.0,0.0,0.08686084300279617,0.00045823877118985094,,,
412,True,,0.019124243408441544,0.03899485617876053,,0.0,,,,,,0.007625669240951538,0.1060171127319336,0.0,0.03774157166481018,0.0,0.0,0.0,0.0,0.11809326708316803,0.00045803126495617085,,,
413,True,,0.011819395236670971,0.02822982519865036,,0.0,,,,,,0.003988070413470268,0.06918507069349289,0.0,0.02300827018916607,0.0,0.0,0.0,0.0,0.14641550183296204,0.00045782329747571127,,,
414,True,,0.013785996474325657,0.037776097655296326,,0.0,,,,,,0.003976292908191681,0.0879557728767395,0.0,0.026935627683997154,0.0,0.0,0.0,0.0,0.11259230226278305,0.0004576148692725592,,,
415,True,,0.011178465560078621,0.030202647671103477,,0.0,,,,,,0.003968381322920322,0.0645279735326767,0.0,0.021901670843362808,0.0,0.0,0.0,0.0,0.24679270386695862,0.0004574059808719628,,,
416,True,,0.011041542515158653,0.03581080585718155,,0.0,,,,,,0.003402919974178076,0.0675363838672638,0.0,0.02155620977282524,0.0,0.0,0.0,0.0,0.09619291871786118,0.00045719663280033003,,,
417,True,,0.012694665230810642,0.03379834443330765,,0.0,,,,,,0.0036191693507134914,0.07491755485534668,0.0,0.02414357289671898,0.0,0.0,0.0,0.0,0.39215487241744995,0.00045698682558522707,,,
418,True,,0.012997129000723362,0.041552212089300156,,0.0,,,,,,0.0035116858780384064,0.08693854510784149,0.0,0.025618191808462143,0.0,0.0,0.0,0.0,0.21964888274669647,0.0004567765597553773,,,
419,True,,0.011268917471170425,0.03957994282245636,,0.0,,,,,,0.0024996923748403788,0.07529287785291672,0.0,0.021693697199225426,0.0,0.0,0.0,0.0,0.15420001745224,0.0004565658358406598,,,
420,True,,0.01603667624294758,0.031768590211868286,,0.0,,,,,,0.006082590669393539,0.08696390688419342,0.0,0.031133344396948814,0.0,0.0,0.0,0.0,0.28754687309265137,0.00045635465437210816,,,
421,True,,0.01030273362994194,0.02612573653459549,,0.0,,,,,,0.0027928920462727547,0.06421404331922531,0.0,0.019778288900852203,0.0,0.0,0.0,0.0,0.2126535326242447,0.0004561430158819087,,,
422,True,,0.011375471018254757,0.030105333775281906,,0.0,,,,,,0.003645080840215087,0.06789465248584747,0.0,0.0221110712736845,0.0,0.0,0.0,0.0,0.10683982074260712,0.00045593092090339977,,,
423,True,,0.013513519428670406,0.028603248298168182,,0.0,,,,,,0.005028669256716967,0.0740281194448471,0.0,0.026231033727526665,0.0,0.0,0.0,0.0,0.16598233580589294,0.0004557183699710699,,,
424,True,,0.016887256875634193,0.03708253800868988,,0.0,,,,,,0.006567561533302069,0.09137983620166779,0.0,0.032963626086711884,0.0,0.0,0.0,0.0,0.14908650517463684,0.0004555053636205568,,,
425,True,,0.007645369973033667,0.03145133703947067,,0.0,,,,,,0.0016728220507502556,0.05001489818096161,0.0,0.01463419571518898,0.0,0.0,0.0,0.0,0.22982729971408844,0.00045529190238864577,,,
426,True,,0.011685687117278576,0.04217543825507164,,0.0,,,,,,0.002892314223572612,0.08014636486768723,0.0,0.02301439270377159,0.0,0.0,0.0,0.0,0.18361733853816986,0.0004550779868132684,,,
427,True,,0.01664826273918152,0.02870238572359085,,0.0,,,,,,0.007076899986714125,0.08763906359672546,0.0,0.03277609497308731,0.0,0.0,0.0,0.0,0.24095351994037628,0.0004548636174335013,,,
428,True,,0.011952724307775497,0.03651940077543259,,0.0,,,,,,0.0037159486673772335,0.0723101794719696,0.0,0.02326488494873047,0.0,0.0,0.0,0.0,0.29961177706718445,0.0004546487947895646,,,
429,True,,0.009229810908436775,0.024227239191532135,,0.0,,,,,,0.003078638343140483,0.055454425513744354,0.0,0.018096163868904114,0.0,0.0,0.0,0.0,0.07610282301902771,0.0004544335194228209,,,
430,True,,0.011149055324494839,0.03545961529016495,,0.0,,,,,,0.003318261355161667,0.06830552220344543,0.0,0.02165246568620205,0.0,0.0,0.0,0.0,0.14061295986175537,0.0004542177918757734,,,
431,True,,0.013387942686676979,0.035364169627428055,,0.0,,,,,,0.0043454719707369804,0.07773405313491821,0.0,0.025860462337732315,0.0,0.0,0.0,0.0,0.2222960889339447,0.00045400161269206494,,,
432,True,,0.012746424414217472,0.025611724704504013,,0.0,,,,,,0.0038289139047265053,0.07925461232662201,0.0,0.024756915867328644,0.0,0.0,0.0,0.0,0.17403437197208405,0.00045378498241647656,,,
433,True,,0.01216208841651678,0.036603786051273346,,0.0,,,,,,0.004605283495038748,0.06696449220180511,0.0,0.023829858750104904,0.0,0.0,0.0,0.0,0.13074436783790588,0.0004535679015949259,,,
434,True,,0.007264870218932629,0.021528851240873337,,0.0,,,,,,0.0016329730860888958,0.05182470753788948,0.0,0.014295602217316628,0.0,0.0,0.0,0.0,0.11590971052646637,0.00045335037077446624,,,
435,True,,0.018983546644449234,0.03628150373697281,,0.0,,,,,,0.008211657404899597,0.09951668977737427,0.0,0.03750968724489212,0.0,0.0,0.0,0.0,0.16575825214385986,0.0004531323905032847,,,
436,True,,0.013176009058952332,0.028707263991236687,,0.0,,,,,,0.004902364686131477,0.07636042684316635,0.0,0.02600148878991604,0.0,0.0,0.0,0.0,0.11223889142274857,0.000452913961330701,,,
437,True,,0.011644411832094193,0.028929997235536575,,0.0,,,,,,0.0037315632216632366,0.07319299876689911,0.0,0.022984575480222702,0.0,0.0,0.0,0.0,0.11780034005641937,0.00045269508380716637,,,
438,True,,0.010133921168744564,0.030583934858441353,,0.0,,,,,,0.002949463902041316,0.06382233649492264,0.0,0.019771456718444824,0.0,0.0,0.0,0.0,0.1832878589630127,0.00045247575848426154,,,
439,True,,0.016290046274662018,0.03519629314541817,,0.0,,,,,,0.004975851625204086,0.10425601154565811,0.0,0.0320434644818306,0.0,0.0,0.0,0.0,0.16922417283058167,0.00045225598591469606,,,
440,True,,0.010334324091672897,0.025581449270248413,,0.0,,,,,,0.0025963541120290756,0.07050170004367828,0.0,0.02023666352033615,0.0,0.0,0.0,0.0,0.16831074655056,0.0004520357666523063,,,
441,True,,0.009450497105717659,0.027616890147328377,,0.0,,,,,,0.002650728216394782,0.059274762868881226,0.0,0.018304869532585144,0.0,0.0,0.0,0.0,0.1456759124994278,0.0004518151012520544,,,
442,True,,0.015499673783779144,0.029568281024694443,,0.0,,,,,,0.005245104432106018,0.08972951769828796,0.0,0.03001341223716736,0.0,0.0,0.0,0.0,0.17909586429595947,0.0004515939902700269,,,
443,True,,0.013613266870379448,0.034838736057281494,,0.0,,,,,,0.005234900861978531,0.07303507626056671,0.0,0.02650006301701069,0.0,0.0,0.0,0.0,0.19747057557106018,0.0004513724342634331,,,
444,True,,0.01538811530917883,0.026692159473896027,,0.0,,,,,,0.005435488652437925,0.09011790156364441,0.0,0.030102316290140152,0.0,0.0,0.0,0.0,0.10431995242834091,0.0004511504337906038,,,
445,True,,0.012006248347461224,0.029691506177186966,,0.0,,,,,,0.003783158026635647,0.0754474550485611,0.0,0.02363106608390808,0.0,0.0,0.0,0.0,0.1013481616973877,0.0004509279894109897,,,
446,True,,0.009805739857256413,0.03512720763683319,,0.0,,,,,,0.00278982101008296,0.06330794095993042,0.0,0.019277628511190414,0.0,0.0,0.0,0.0,0.18115368485450745,0.0004507051016851607,,,
447,True,,0.011435948312282562,0.03458321467041969,,0.0,,,,,,0.0030991826206445694,0.07539013028144836,0.0,0.022419976070523262,0.0,0.0,0.0,0.0,0.17749717831611633,0.0004504817711748034,,,
448,True,,0.010305189527571201,0.03090229630470276,,0.0,,,,,,0.0032512068282812834,0.06108887493610382,0.0,0.019974306225776672,0.0,0.0,0.0,0.0,0.13037189841270447,0.00045025799844272034,,,
449,True,,0.01613183505833149,0.03208445757627487,,0.0,,,,,,0.00641298433765769,0.08813513070344925,0.0,0.0316791757941246,0.0,0.0,0.0,0.0,0.16802753508090973,0.00045003378405282887,,,
450,True,,0.014065327122807503,0.03246425837278366,,0.0,,,,,,0.004976117517799139,0.08327308297157288,0.0,0.02769339457154274,0.0,0.0,0.0,0.0,0.21634939312934875,0.00044980912857015877,,,
451,True,,0.01916106790304184,0.03571358695626259,,0.0,,,,,,0.008524051867425442,0.09948268532752991,0.0,0.03799052536487579,0.0,0.0,0.0,0.0,0.11868482083082199,0.0004495840325608518,,,
452,True,,0.012261719442903996,0.02980758249759674,,0.0,,,,,,0.003992540296167135,0.0750948116183281,0.0,0.024061817675828934,0.0,0.0,0.0,0.0,0.2506551742553711,0.0004493584965921596,,,
453,True,,0.014934171922504902,0.03004811331629753,,0.0,,,,,,0.006107436027377844,0.08082736283540726,0.0,0.029424825683236122,0.0,0.0,0.0,0.0,0.10158492624759674,0.0004491325212324429,,,
454,True,,0.013887617737054825,0.031087996438145638,,0.0,,,,,,0.005116502288728952,0.0810919851064682,0.0,0.027424197643995285,0.0,0.0,0.0,0.0,0.10899204015731812,0.0004489061070511692,,,
455,True,,0.011692332103848457,0.027841901406645775,,0.0,,,,,,0.0036887992173433304,0.07432533800601959,0.0,0.023092083632946014,0.0,0.0,0.0,0.0,0.10353469848632812,0.00044867925461891233,,,
456,True,,0.009081674739718437,0.02323020249605179,,0.0,,,,,,0.0020723873749375343,0.06250281631946564,0.0,0.017636645585298538,0.0,0.0,0.0,0.0,0.15327303111553192,0.00044845196450735023,,,
457,True,,0.01218568067997694,0.02827027067542076,,0.0,,,,,,0.004359410144388676,0.06950779259204865,0.0,0.02377857267856598,0.0,0.0,0.0,0.0,0.15276291966438293,0.00044822423728926386,,,
458,True,,0.01137943658977747,0.03263135254383087,,0.0,,,,,,0.003347991732880473,0.07078653573989868,0.0,0.022132394835352898,0.0,0.0,0.0,0.0,0.12438847869634628,0.00044799607353853587,,,
459,True,,0.012051830999553204,0.029410989955067635,,0.0,,,,,,0.003980694338679314,0.0687616616487503,0.0,0.0232028029859066,0.0,0.0,0.0,0.0,0.1407960206270218,0.00044776747383014885,,,
460,True,,0.010386117734014988,0.026946071535348892,,0.0,,,,,,0.003466496942564845,0.060657475143671036,0.0,0.020187823101878166,0.0,0.0,0.0,0.0,0.09811078757047653,0.00044753843874018403,,,
461,True,,0.01232632901519537,0.03370293974876404,,0.0,,,,,,0.004132451489567757,0.07337714731693268,0.0,0.024133525788784027,0.0,0.0,0.0,0.0,0.1940726339817047,0.0004473089688458198,,,
462,True,,0.011386102065443993,0.04580036178231239,,0.0,,,,,,0.0026917955838143826,0.07813575118780136,0.0,0.02234947681427002,0.0,0.0,0.0,0.0,0.26821693778038025,0.0004470790647253303,,,
463,True,,0.01467382162809372,0.02751277945935726,,0.0,,,,,,0.004848108626902103,0.09220018982887268,0.0,0.029017075896263123,0.0,0.0,0.0,0.0,0.1057877466082573,0.000446848726958084,,,
464,True,,0.018956027925014496,0.031272053718566895,,0.0,,,,,,0.009604070335626602,0.08530157059431076,0.0,0.03740298002958298,0.0,0.0,0.0,0.0,0.06592047214508057,0.0004466179561245421,,,
465,True,,0.016606440767645836,0.0278879776597023,,0.0,,,,,,0.007256470620632172,0.08459911495447159,0.0,0.032601699233055115,0.0,0.0,0.0,0.0,0.15664111077785492,0.00044638675280625733,,,
466,True,,0.01115922350436449,0.030296113342046738,,0.0,,,,,,0.003309529973194003,0.07126113027334213,0.0,0.021897826343774796,0.0,0.0,0.0,0.0,0.19125927984714508,0.0004461551175858719,,,
467,True,,0.00935325212776661,0.032513268291950226,,0.0,,,,,,0.002728228224441409,0.056603506207466125,0.0,0.01806696504354477,0.0,0.0,0.0,0.0,0.1289411038160324,0.00044592305104711676,,,
468,True,,0.014035151340067387,0.024979211390018463,,0.0,,,,,,0.004288028459995985,0.08615659922361374,0.0,0.027188632637262344,0.0,0.0,0.0,0.0,0.2015620917081833,0.0004456905537748098,,,
469,True,,0.009526664391160011,0.022875528782606125,,0.0,,,,,,0.0030552027747035027,0.058103397488594055,0.0,0.018620962277054787,0.0,0.0,0.0,0.0,0.11350340396165848,0.0004454576263548543,,,
470,True,,0.012043260037899017,0.030028024688363075,,0.0,,,,,,0.0037739723920822144,0.07453039288520813,0.0,0.023570552468299866,0.0,0.0,0.0,0.0,0.12336085736751556,0.0004452242693742374,,,
471,True,,0.014865053817629814,0.027245759963989258,,0.0,,,,,,0.004497552290558815,0.09646374732255936,0.0,0.029281437397003174,0.0,0.0,0.0,0.0,0.11010587960481644,0.00044499048342102904,,,
472,True,,0.01080627366900444,0.03162902966141701,,0.0,,,,,,0.002699180506169796,0.07469551265239716,0.0,0.021291295066475868,0.0,0.0,0.0,0.0,0.07382351905107498,0.0004447562690843799,,,
473,True,,0.010454756207764149,0.023730555549263954,,0.0,,,,,,0.004186933394521475,0.055665597319602966,0.0,0.020445555448532104,0.0,0.0,0.0,0.0,0.09933508932590485,0.0004445216269545205,,,
474,True,,0.014437162317335606,0.026435991749167442,,0.0,,,,,,0.00571025675162673,0.07975693792104721,0.0,0.02838747203350067,0.0,0.0,0.0,0.0,0.10334224998950958,0.000444286557622759,,,
475,True,,0.012159310281276703,0.026853911578655243,,0.0,,,,,,0.004144361708313227,0.071162149310112,0.0,0.02368842624127865,0.0,0.0,0.0,0.0,0.10320133715867996,0.0004440510616814806,,,
476,True,,0.01148510817438364,0.031416408717632294,,0.0,,,,,,0.003914814908057451,0.06853187084197998,0.0,0.022567274048924446,0.0,0.0,0.0,0.0,0.16950570046901703,0.00044381513972414514,,,
477,True,,0.01315044891089201,0.028699390590190887,,0.0,,,,,,0.004167890176177025,0.08280143141746521,0.0,0.025885475799441338,0.0,0.0,0.0,0.0,0.09766118228435516,0.0004435787923452866,,,
478,True,,0.007454782258719206,0.0227755606174469,,0.0,,,,,,0.002092344919219613,0.04693979397416115,0.0,0.014468861743807793,0.0,0.0,0.0,0.0,0.13768120110034943,0.00044334202014051035,,,
479,True,,0.010248096659779549,0.03164321184158325,,0.0,,,,,,0.0035674104001373053,0.058777861297130585,0.0,0.020009726285934448,0.0,0.0,0.0,0.0,0.13956177234649658,0.0004431048237064929,,,
480,True,,0.012168432585895061,0.033350467681884766,,0.0,,,,,,0.0036569852381944656,0.07779673486948013,0.0,0.02393859624862671,0.0,0.0,0.0,0.0,0.15149551630020142,0.00044286720364097946,,,
481,True,,0.011582990176975727,0.02096959948539734,,0.0,,,,,,0.0040742503479123116,0.06884044408798218,0.0,0.022750981152057648,0.0,0.0,0.0,0.0,0.09262555837631226,0.000442629160542783,,,
482,True,,0.013695493340492249,0.029856272041797638,,0.0,,,,,,0.003839511889964342,0.0903463065624237,0.0,0.026868198066949844,0.0,0.0,0.0,0.0,0.12188421934843063,0.0004423906950117827,,,
483,True,,0.009698085486888885,0.02555571123957634,,0.0,,,,,,0.0026982822455465794,0.060933467000722885,0.0,0.018745271489024162,0.0,0.0,0.0,0.0,0.14203143119812012,0.000442151807648922,,,
484,True,,0.009113498963415623,0.027353011071681976,,0.0,,,,,,0.0029227191116660833,0.05528169870376587,0.0,0.017837919294834137,0.0,0.0,0.0,0.0,0.10557646304368973,0.00044191249905620736,,,
485,True,,0.019285542890429497,0.040974393486976624,,0.0,,,,,,0.008895969949662685,0.09735655784606934,0.0,0.03832691162824631,0.0,0.0,0.0,0.0,0.10771821439266205,0.000441672769836707,,,
486,True,,0.013274255208671093,0.03285016864538193,,0.0,,,,,,0.005605904385447502,0.06874354183673859,0.0,0.02608301490545273,0.0,0.0,0.0,0.0,0.0837322473526001,0.00044143262059454907,,,
487,True,,0.012961377389729023,0.02298833057284355,,0.0,,,,,,0.005195077508687973,0.07013605535030365,0.0,0.025399943813681602,0.0,0.0,0.0,0.0,0.17073965072631836,0.00044119205193492004,,,
488,True,,0.011054900474846363,0.02010868489742279,,0.0,,,,,,0.0031142893712967634,0.07089561223983765,0.0,0.02145983651280403,0.0,0.0,0.0,0.0,0.14539460837841034,0.00044095106446406345,,,
489,True,,0.015587199479341507,0.026148585602641106,,0.0,,,,,,0.007252236362546682,0.07450404763221741,0.0,0.030551325529813766,0.0,0.0,0.0,0.0,0.10928502678871155,0.0004407096587892784,,,
490,True,,0.010644924826920033,0.022860433906316757,,0.0,,,,,,0.0028130612336099148,0.07080256938934326,0.0,0.02076684683561325,0.0,0.0,0.0,0.0,0.22675809264183044,0.00044046783551891756,,,
491,True,,0.010041582398116589,0.025575915351510048,,0.0,,,,,,0.00279095396399498,0.06517397612333298,0.0,0.019605692476034164,0.0,0.0,0.0,0.0,0.23811790347099304,0.0004402255952623862,,,
492,True,,0.010607218369841576,0.0220766793936491,,0.0,,,,,,0.004359775688499212,0.05720539391040802,0.0,0.020908299833536148,0.0,0.0,0.0,0.0,0.082461416721344,0.00043998293863014025,,,
493,True,,0.01296869944781065,0.0318705216050148,,0.0,,,,,,0.0036992253735661507,0.08582428097724915,0.0,0.02556905895471573,0.0,0.0,0.0,0.0,0.1694151610136032,0.0004397398662336852,,,
494,True,,0.007271783892065287,0.025865433737635612,,0.0,,,,,,0.0018624039366841316,0.04619427025318146,0.0,0.014012269675731659,0.0,0.0,0.0,0.0,0.16126649081707,0.0004394963786855739,,,
495,True,,0.01142777781933546,0.016995441168546677,,0.0,,,,,,0.004236375447362661,0.06370141357183456,0.0,0.02220425009727478,0.0,0.0,0.0,0.0,0.1399902105331421,0.0004392524765994058,,,
496,True,,0.010107286274433136,0.020544372498989105,,0.0,,,,,,0.0030820262618362904,0.062282733619213104,0.0,0.019623029977083206,0.0,0.0,0.0,0.0,0.08206985890865326,0.0004390081605898247,,,
497,True,,0.011934613808989525,0.024123631417751312,,0.0,,,,,,0.004016810096800327,0.07297394424676895,0.0,0.02349005453288555,0.0,0.0,0.0,0.0,0.1449742615222931,0.0004387634312725175,,,
498,True,,0.009042307734489441,0.024023182690143585,,0.0,,,,,,0.0029796501621603966,0.05256045609712601,0.0,0.017518235370516777,0.0,0.0,0.0,0.0,0.14389842748641968,0.000438518289264213,,,
499,True,,0.008604292757809162,0.022970587015151978,,0.0,,,,,,0.002377629280090332,0.05635794252157211,0.0,0.01684742234647274,0.0,0.0,0.0,0.0,0.08922601491212845,0.00043827273518267957,,,
500,True,,0.010193091817200184,0.025886982679367065,,0.0,,,,,,0.0032870564609766006,0.061564479023218155,0.0,0.019895466044545174,0.0,0.0,0.0,0.0,0.08217615634202957,0.00043802676964672433,0.0218154533059909,0.00575815713656644,0.0697568440351857
501,True,,0.012010454200208187,0.03362071514129639,,0.0,,,,,,0.0029661511071026325,0.08173767477273941,0.0,0.023486580699682236,0.0,0.0,0.0,0.0,0.09710829704999924,0.00043778039327619115,,,
502,True,,0.00836558360606432,0.02580418437719345,,0.0,,,,,,0.002446895930916071,0.051863983273506165,0.0,0.016256920993328094,0.0,0.0,0.0,0.0,0.11916349828243256,0.00043753360669195924,,,
503,True,,0.01073314156383276,0.02300698682665825,,0.0,,,,,,0.003936112858355045,0.05999530851840973,0.0,0.020898856222629547,0.0,0.0,0.0,0.0,0.0982937291264534,0.0004372864105159416,,,
504,True,,0.02115563116967678,0.038487840443849564,,0.0,,,,,,0.008551468141376972,0.11598086357116699,0.0,0.04169006645679474,0.0,0.0,0.0,0.0,0.08752629905939102,0.00043703880537108324,,,
505,True,,0.009967978112399578,0.02428281120955944,,0.0,,,,,,0.0033472920767962933,0.06011330336332321,0.0,0.019569428637623787,0.0,0.0,0.0,0.0,0.08360365033149719,0.0004367907918813602,,,
506,True,,0.00821263063699007,0.030349798500537872,,0.0,,,,,,0.0017983091529458761,0.057950131595134735,0.0,0.01610945165157318,0.0,0.0,0.0,0.0,0.08323252201080322,0.00043654237067177707,,,
507,True,,0.008419678546488285,0.02141578681766987,,0.0,,,,,,0.0023381223436444998,0.055117394775152206,0.0,0.016483698040246964,0.0,0.0,0.0,0.0,0.09550616890192032,0.0004362935423683662,,,
508,True,,0.008607965894043446,0.02126201242208481,,0.0,,,,,,0.002299628918990493,0.05642950162291527,0.0,0.016763165593147278,0.0,0.0,0.0,0.0,0.09378865361213684,0.00043604430759818576,,,
509,True,,0.009645096957683563,0.0283515565097332,,0.0,,,,,,0.003382055088877678,0.05505568906664848,0.0,0.018816236406564713,0.0,0.0,0.0,0.0,0.08527764678001404,0.0004357946669893183,,,
510,True,,0.009975778870284557,0.02558084949851036,,0.0,,,,,,0.0031454148702323437,0.06179934740066528,0.0,0.019556935876607895,0.0,0.0,0.0,0.0,0.06457778811454773,0.00043554462117086914,,,
511,True,,0.011469203047454357,0.027094339951872826,,0.0,,,,,,0.004591185599565506,0.05798564851284027,0.0,0.02212989702820778,0.0,0.0,0.0,0.0,0.17745907604694366,0.0004352941707729645,,,
512,True,,0.010990452952682972,0.03534600883722305,,0.0,,,,,,0.004101446829736233,0.06196019798517227,0.0,0.021641379222273827,0.0,0.0,0.0,0.0,0.1005895733833313,0.00043504331642675045,,,
513,True,,0.011580395512282848,0.02815825119614601,,0.0,,,,,,0.004980947356671095,0.05842816084623337,0.0,0.022685742005705833,0.0,0.0,0.0,0.0,0.09515869617462158,0.0004347920587643907,,,
514,True,,0.015158294700086117,0.03178223967552185,,0.0,,,,,,0.005259680561721325,0.08976826816797256,0.0,0.029712624847888947,0.0,0.0,0.0,0.0,0.1206965371966362,0.0004345403984190658,,,
515,True,,0.011454321444034576,0.02846195176243782,,0.0,,,,,,0.003054934088140726,0.07644055783748627,0.0,0.0224379301071167,0.0,0.0,0.0,0.0,0.12238841503858566,0.00043428833602497067,,,
516,True,,0.013798147439956665,0.027049971744418144,,0.0,,,,,,0.00477437861263752,0.08139819651842117,0.0,0.02698284573853016,0.0,0.0,0.0,0.0,0.08903142064809799,0.0004340358722173135,,,
517,True,,0.013186619617044926,0.023900596424937248,,0.0,,,,,,0.004682920407503843,0.07786612212657928,0.0,0.02589515969157219,0.0,0.0,0.0,0.0,0.09297091513872147,0.00043378300763231414,,,
518,True,,0.008804763667285442,0.019594211131334305,,0.0,,,,,,0.003374854102730751,0.04829110950231552,0.0,0.01720467023551464,0.0,0.0,0.0,0.0,0.12194112688302994,0.00043352974290720243,,,
519,True,,0.00877222791314125,0.023735735565423965,,0.0,,,,,,0.002219471614807844,0.05914122611284256,0.0,0.01714317873120308,0.0,0.0,0.0,0.0,0.10708807408809662,0.0004332760786802165,,,
520,True,,0.010293492116034031,0.0238858163356781,,0.0,,,,,,0.004006856586784124,0.057130299508571625,0.0,0.02025223709642887,0.0,0.0,0.0,0.0,0.0960681214928627,0.0004330220155906014,,,
521,True,,0.008210872299969196,0.020667126402258873,,0.0,,,,,,0.0020597465336322784,0.05660229176282883,0.0,0.016137519851326942,0.0,0.0,0.0,0.0,0.12751708924770355,0.000432767554278607,,,
522,True,,0.0111536281183362,0.023885082453489304,,0.0,,,,,,0.004523241426795721,0.06072031334042549,0.0,0.021987751126289368,0.0,0.0,0.0,0.0,0.11464912444353104,0.00043251269538548706,,,
523,True,,0.008823486976325512,0.02368517965078354,,0.0,,,,,,0.0027242987416684628,0.05550491437315941,0.0,0.017335128039121628,0.0,0.0,0.0,0.0,0.1436484009027481,0.00043225743955349697,,,
524,True,,0.01573857292532921,0.027269646525382996,,0.0,,,,,,0.005941388662904501,0.08974556624889374,0.0,0.03092721477150917,0.0,0.0,0.0,0.0,0.13262124359607697,0.0004320017874258927,,,
525,True,,0.019989540800452232,0.03568430244922638,,0.0,,,,,,0.008382893167436123,0.10680966079235077,0.0,0.039410244673490524,0.0,0.0,0.0,0.0,0.16229593753814697,0.00043174573964692886,,,
526,True,,0.009907488711178303,0.023679882287979126,,0.0,,,,,,0.0029993641655892134,0.06076209247112274,0.0,0.019219860434532166,0.0,0.0,0.0,0.0,0.13966670632362366,0.0004314892968618569,,,
527,True,,0.013620903715491295,0.026904210448265076,,0.0,,,,,,0.006083320826292038,0.06701914221048355,0.0,0.026675181463360786,0.0,0.0,0.0,0.0,0.1023857370018959,0.0004312324597169238,,,
528,True,,0.010962770320475101,0.025106068700551987,,0.0,,,,,,0.0033591517712920904,0.06899190694093704,0.0,0.021472172811627388,0.0,0.0,0.0,0.0,0.10976481437683105,0.00043097522885937053,,,
529,True,,0.0129958875477314,0.027789365500211716,,0.0,,,,,,0.0047097099013626575,0.07621756941080093,0.0,0.025605248287320137,0.0,0.0,0.0,0.0,0.05804087221622467,0.0004307176049374299,,,
530,True,,0.010708212852478027,0.02169763296842575,,0.0,,,,,,0.003178942482918501,0.0701412707567215,0.0,0.02111825905740261,0.0,0.0,0.0,0.0,0.10827819257974625,0.00043045958860032555,,,
531,True,,0.008635538630187511,0.023777686059474945,,0.0,,,,,,0.00218600663356483,0.05895709991455078,0.0,0.01695503294467926,0.0,0.0,0.0,0.0,0.09282980114221573,0.0004302011804982699,,,
532,True,,0.013003292493522167,0.029839221388101578,,0.0,,,,,,0.005257420241832733,0.07053598016500473,0.0,0.02561270445585251,0.0,0.0,0.0,0.0,0.06937480717897415,0.00042994238128246274,,,
533,True,,0.011840784922242165,0.0282400231808424,,0.0,,,,,,0.0046936217695474625,0.06331782042980194,0.0,0.023148588836193085,0.0,0.0,0.0,0.0,0.10524160414934158,0.00042968319160508915,,,
534,True,,0.011541045270860195,0.02781818062067032,,0.0,,,,,,0.004005055874586105,0.0662083551287651,0.0,0.02244511805474758,0.0,0.0,0.0,0.0,0.08520656824111938,0.00042942361211931873,,,
535,True,,0.00850715022534132,0.03039737418293953,,0.0,,,,,,0.0023090275935828686,0.05377653241157532,0.0,0.01649780571460724,0.0,0.0,0.0,0.0,0.09191470593214035,0.000429163643479303,,,
536,True,,0.01472593005746603,0.029263049364089966,,0.0,,,,,,0.006235517095774412,0.07561332732439041,0.0,0.028815411031246185,0.0,0.0,0.0,0.0,0.09628205746412277,0.00042890328634017413,,,
537,True,,0.0180229302495718,0.04880509525537491,,0.0,,,,,,0.0060325367376208305,0.10678775608539581,0.0,0.03522229194641113,0.0,0.0,0.0,0.0,0.177816241979599,0.0004286425413580437,,,
538,True,,0.008437855169177055,0.03556482866406441,,0.0,,,,,,0.0027595115825533867,0.04719763994216919,0.0,0.016272779554128647,0.0,0.0,0.0,0.0,0.1098812147974968,0.00042838140919000033,,,
539,True,,0.013969652354717255,0.03341788426041603,,0.0,,,,,,0.004844180773943663,0.08228945732116699,0.0,0.02737695723772049,0.0,0.0,0.0,0.0,0.10263117402791977,0.00042811989049410854,,,
540,True,,0.012571278028190136,0.04191752150654793,,0.0,,,,,,0.004191946238279343,0.07333947718143463,0.0,0.02451634779572487,0.0,0.0,0.0,0.0,0.18624918162822723,0.0004278579859294068,,,
541,True,,0.011944076046347618,0.022018559277057648,,0.0,,,,,,0.0032323026098310947,0.0775141492486,0.0,0.023147977888584137,0.0,0.0,0.0,0.0,0.15347683429718018,0.0004275956961559061,,,
542,True,,0.015070747584104538,0.02938755601644516,,0.0,,,,,,0.006186712067574263,0.07979902625083923,0.0,0.029531236737966537,0.0,0.0,0.0,0.0,0.10543955862522125,0.0004273330218345882,,,
543,True,,0.014293160289525986,0.0347769558429718,,0.0,,,,,,0.004948865156620741,0.08277187496423721,0.0,0.02786698192358017,0.0,0.0,0.0,0.0,0.14227761328220367,0.0004270699636274037,,,
544,True,,0.011839121580123901,0.028482574969530106,,0.0,,,,,,0.00370175763964653,0.07191410660743713,0.0,0.023017115890979767,0.0,0.0,0.0,0.0,0.1570567786693573,0.00042680652219727084,,,
545,True,,0.007858282886445522,0.020496610552072525,,0.0,,,,,,0.00209599151276052,0.04769042879343033,0.0,0.014928283169865608,0.0,0.0,0.0,0.0,0.17736965417861938,0.0004265426982080736,,,
546,True,,0.00862936768680811,0.02460424415767193,,0.0,,,,,,0.002461734926328063,0.055010974407196045,0.0,0.01683824136853218,0.0,0.0,0.0,0.0,0.10444507002830505,0.0004262784923246597,,,
547,True,,0.011080486699938774,0.03165573626756668,,0.0,,,,,,0.003428146941587329,0.06719545274972916,0.0,0.02154473587870598,0.0,0.0,0.0,0.0,0.10593170672655106,0.0004260139052128398,,,
548,True,,0.011894399300217628,0.024302393198013306,,0.0,,,,,,0.004027205985039473,0.07004240155220032,0.0,0.02316886931657791,0.0,0.0,0.0,0.0,0.12922659516334534,0.0004257489375393848,,,
549,True,,0.007883701473474503,0.02320493385195732,,0.0,,,,,,0.0018138319719582796,0.05398677662014961,0.0,0.015328260138630867,0.0,0.0,0.0,0.0,0.13296250998973846,0.0004254835899720249,,,
550,True,,0.008239120244979858,0.027120640501379967,,0.0,,,,,,0.0023095025680959225,0.05271727964282036,0.0,0.01609155721962452,0.0,0.0,0.0,0.0,0.08760270476341248,0.0004252178631794475,,,
551,True,,0.012787248007953167,0.04137159138917923,,0.0,,,,,,0.004741586744785309,0.07182967662811279,0.0,0.025125518441200256,0.0,0.0,0.0,0.0,0.127861887216568,0.0004249517578312958,,,
552,True,,0.011765739880502224,0.027814479544758797,,0.0,,,,,,0.0035688644275069237,0.07318723201751709,0.0,0.022931471467018127,0.0,0.0,0.0,0.0,0.07930892705917358,0.0004246852745981668,,,
553,True,,0.012335161678493023,0.026214007288217545,,0.0,,,,,,0.004159308969974518,0.07475125789642334,0.0,0.024231737479567528,0.0,0.0,0.0,0.0,0.13569365441799164,0.0004244184141516099,,,
554,True,,0.010264061391353607,0.03419961407780647,,0.0,,,,,,0.0030129270162433386,0.06655499339103699,0.0,0.020274484530091286,0.0,0.0,0.0,0.0,0.10405132174491882,0.0004241511771641251,,,
555,True,,0.01318198163062334,0.03482870012521744,,0.0,,,,,,0.004597112070769072,0.07803832739591599,0.0,0.025931213051080704,0.0,0.0,0.0,0.0,0.15044626593589783,0.0004238835643091613,,,
556,True,,0.007466544862836599,0.029646798968315125,,0.0,,,,,,0.0014609834179282188,0.051516659557819366,0.0,0.014375662431120872,0.0,0.0,0.0,0.0,0.0759265348315239,0.0004236155762611145,,,
557,True,,0.013978991657495499,0.0354512520134449,,0.0,,,,,,0.005026307888329029,0.08200843632221222,0.0,0.027560655027627945,0.0,0.0,0.0,0.0,0.09290166199207306,0.00042334721369532643,,,
558,True,,0.009850861504673958,0.023775339126586914,,0.0,,,,,,0.002997191622853279,0.06156778335571289,0.0,0.019242584705352783,0.0,0.0,0.0,0.0,0.12333008646965027,0.0004230784772880823,,,
559,True,,0.013824754394590855,0.025353670120239258,,0.0,,,,,,0.005252818576991558,0.07755616307258606,0.0,0.02708672545850277,0.0,0.0,0.0,0.0,0.06178904324769974,0.00042280936771660967,,,
560,True,,0.014588991180062294,0.03058766946196556,,0.0,,,,,,0.005900580435991287,0.0786256492137909,0.0,0.02865801379084587,0.0,0.0,0.0,0.0,0.09668321907520294,0.0004225398856590764,,,
561,True,,0.01450327318161726,0.02822643518447876,,0.0,,,,,,0.005484358873218298,0.08216758072376251,0.0,0.02848665416240692,0.0,0.0,0.0,0.0,0.10726378113031387,0.00042227003179458913,,,
562,True,,0.016495583578944206,0.02963404357433319,,0.0,,,,,,0.006484224461019039,0.09095392376184464,0.0,0.03237154334783554,0.0,0.0,0.0,0.0,0.11492001265287399,0.00042199980680319125,,,
563,True,,0.010931954719126225,0.025059815496206284,,0.0,,,,,,0.0034351353533566,0.07028838992118835,0.0,0.0216465275734663,0.0,0.0,0.0,0.0,0.13571292161941528,0.0004217292113658616,,,
564,True,,0.015690447762608528,0.03062041662633419,,0.0,,,,,,0.005965080112218857,0.0896432101726532,0.0,0.03092605248093605,0.0,0.0,0.0,0.0,0.09342706948518753,0.00042145824616451243,,,
565,True,,0.013560885563492775,0.0280463807284832,,0.0,,,,,,0.005547929555177689,0.07244754582643509,0.0,0.026634033769369125,0.0,0.0,0.0,0.0,0.1330488920211792,0.000421186911881988,,,
566,True,,0.0143797742202878,0.034351497888565063,,0.0,,,,,,0.005638006143271923,0.07971476018428802,0.0,0.028332769870758057,0.0,0.0,0.0,0.0,0.07880088686943054,0.00042091520920206247,,,
567,True,,0.012423710897564888,0.030697202309966087,,0.0,,,,,,0.0038059167563915253,0.07882213592529297,0.0,0.024418814107775688,0.0,0.0,0.0,0.0,0.09843187034130096,0.00042064313880943845,,,
568,True,,0.011352979578077793,0.02716505154967308,,0.0,,,,,,0.0036648937966674566,0.06942273676395416,0.0,0.022231798619031906,0.0,0.0,0.0,0.0,0.10082592070102692,0.0004203707013897453,,,
569,True,,0.010472025722265244,0.036118149757385254,,0.0,,,,,,0.002851645229384303,0.07022905349731445,0.0,0.020707758143544197,0.0,0.0,0.0,0.0,0.12152659893035889,0.0004200978976295371,,,
570,True,,0.01148443017154932,0.023893585428595543,,0.0,,,,,,0.003853586968034506,0.06626566499471664,0.0,0.022203519940376282,0.0,0.0,0.0,0.0,0.09284735471010208,0.00041982472821629126,,,
571,True,,0.014456610195338726,0.03717327490448952,,0.0,,,,,,0.004370053764432669,0.0891929492354393,0.0,0.028117692098021507,0.0,0.0,0.0,0.0,0.19873540103435516,0.0004195511938384067,,,
572,True,,0.015799373388290405,0.029126202687621117,,0.0,,,,,,0.0062653543427586555,0.08497485518455505,0.0,0.030853476375341415,0.0,0.0,0.0,0.0,0.12266894429922104,0.00041927729518520193,,,
573,True,,0.018404118716716766,0.032797638326883316,,0.0,,,,,,0.007101303897798061,0.1016596332192421,0.0,0.0359993651509285,0.0,0.0,0.0,0.0,0.12082511931657791,0.0004190030329469136,,,
574,True,,0.012944805435836315,0.02718440070748329,,0.0,,,,,,0.00434978399425745,0.07698020339012146,0.0,0.025264453142881393,0.0,0.0,0.0,0.0,0.10430900752544403,0.0004187284078146943,,,
575,True,,0.009640654549002647,0.02454143576323986,,0.0,,,,,,0.0030357763171195984,0.059930719435214996,0.0,0.01891491748392582,0.0,0.0,0.0,0.0,0.11708366870880127,0.0004184534204806117,,,
576,True,,0.014633655548095703,0.027010632678866386,,0.0,,,,,,0.004561597481369972,0.09226594865322113,0.0,0.028691954910755157,0.0,0.0,0.0,0.0,0.16330038011074066,0.00041817807163764553,,,
577,True,,0.015346814878284931,0.035200055688619614,,0.0,,,,,,0.004595133475959301,0.09873582422733307,0.0,0.030167531222105026,0.0,0.0,0.0,0.0,0.1234983429312706,0.00041790236197968716,,,
578,True,,0.015497894957661629,0.030877334997057915,,0.0,,,,,,0.006250400096178055,0.07948946207761765,0.0,0.030006013810634613,0.0,0.0,0.0,0.0,0.15006409585475922,0.00041762629220153694,,,
579,True,,0.009731683880090714,0.03711264580488205,,0.0,,,,,,0.002740546129643917,0.059330329298973083,0.0,0.018776388838887215,0.0,0.0,0.0,0.0,0.11923647671937943,0.00041734986299890256,,,
580,True,,0.014707641676068306,0.032619088888168335,,0.0,,,,,,0.004330167081207037,0.09189826250076294,0.0,0.028553824871778488,0.0,0.0,0.0,0.0,0.15027236938476562,0.0004170730750683979,,,
581,True,,0.014129025861620903,0.028023988008499146,,0.0,,,,,,0.004233893472701311,0.0882587656378746,0.0,0.027469035238027573,0.0,0.0,0.0,0.0,0.11573976278305054,0.0004167959291075406,,,
582,True,,0.012025721371173859,0.026429899036884308,,0.0,,,,,,0.0031436737626791,0.08103302866220474,0.0,0.02353699691593647,0.0,0.0,0.0,0.0,0.10124441981315613,0.00041651842581475043,,,
583,True,,0.009260119870305061,0.03423934429883957,,0.0,,,,,,0.0018367863958701491,0.06378108263015747,0.0,0.017817407846450806,0.0,0.0,0.0,0.0,0.14559122920036316,0.0004162405658893479,,,
584,True,,0.013896973803639412,0.03076261654496193,,0.0,,,,,,0.0038498598150908947,0.08897605538368225,0.0,0.026952065527439117,0.0,0.0,0.0,0.0,0.1583564579486847,0.0004159623500315524,,,
585,True,,0.018022596836090088,0.02780420519411564,,0.0,,,,,,0.006768190301954746,0.10615251958370209,0.0,0.03568407893180847,0.0,0.0,0.0,0.0,0.13227659463882446,0.00041568377894247955,,,
586,True,,0.01079355925321579,0.023566272109746933,,0.0,,,,,,0.004095406271517277,0.059028979390859604,0.0,0.02102752774953842,0.0,0.0,0.0,0.0,0.13118326663970947,0.000415404853324141,,,
587,True,,0.012396463192999363,0.05175333842635155,,0.0,,,,,,0.004172489978373051,0.07398690283298492,0.0,0.02448517642915249,0.0,0.0,0.0,0.0,0.17623986303806305,0.0004151255738794414,,,
588,True,,0.012148354202508926,0.02858452871441841,,0.0,,,,,,0.003555075731128454,0.07631637156009674,0.0,0.023620912805199623,0.0,0.0,0.0,0.0,0.13948889076709747,0.0004148459413121772,,,
589,True,,0.012560668401420116,0.027748962864279747,,0.0,,,,,,0.003239581361413002,0.08540667593479156,0.0,0.02461840584874153,0.0,0.0,0.0,0.0,0.11462970077991486,0.0004145659563270346,,,
590,True,,0.01572507806122303,0.034504957497119904,,0.0,,,,,,0.005295283161103725,0.09516102075576782,0.0,0.03088151291012764,0.0,0.0,0.0,0.0,0.1275213062763214,0.00041428561962958795,,,
591,True,,0.006438907235860825,0.02374134212732315,,0.0,,,,,,0.001415627426467836,0.04062839597463608,0.0,0.01215478777885437,0.0,0.0,0.0,0.0,0.16259774565696716,0.00041400493192629806,,,
592,True,,0.007970467209815979,0.02546466700732708,,0.0,,,,,,0.002400747500360012,0.048811059445142746,0.0,0.015506967902183533,0.0,0.0,0.0,0.0,0.13148076832294464,0.00041372389392451027,,,
593,True,,0.01333683542907238,0.019770681858062744,,0.0,,,,,,0.0050269970670342445,0.07753469049930573,0.0,0.026315007358789444,0.0,0.0,0.0,0.0,0.11398588120937347,0.00041344250633245234,,,
594,True,,0.013740112073719501,0.02669326588511467,,0.0,,,,,,0.005083966068923473,0.07984552532434464,0.0,0.02707556262612343,0.0,0.0,0.0,0.0,0.111192986369133,0.00041316076985923364,,,
595,True,,0.015080488286912441,0.03203737363219261,,0.0,,,,,,0.0070621296763420105,0.07046735286712646,0.0,0.02950972691178322,0.0,0.0,0.0,0.0,0.1612478792667389,0.00041287868521484205,,,
596,True,,0.013559294864535332,0.03818187862634659,,0.0,,,,,,0.004506984725594521,0.08201931416988373,0.0,0.02665003016591072,0.0,0.0,0.0,0.0,0.10851164907217026,0.0004125962531101434,,,
597,True,,0.018245724961161613,0.033926062285900116,,0.0,,,,,,0.008130158297717571,0.09353961795568466,0.0,0.036069106310606,0.0,0.0,0.0,0.0,0.1335100382566452,0.000412313474256879,,,
598,True,,0.010603479109704494,0.02766592800617218,,0.0,,,,,,0.003313356777653098,0.06495730578899384,0.0,0.0206892266869545,0.0,0.0,0.0,0.0,0.13868770003318787,0.0004120303493676637,,,
599,True,,0.01606571115553379,0.03439151495695114,,0.0,,,,,,0.005301160272210836,0.09871998429298401,0.0,0.0315827876329422,0.0,0.0,0.0,0.0,0.11083772033452988,0.00041174687915598456,,,
600,True,,0.011938651092350483,0.03618573024868965,,0.0,,,,,,0.004169674124568701,0.06930011510848999,0.0,0.023400194942951202,0.0,0.0,0.0,0.0,0.16834761202335358,0.00041146306433619906,0.07705121632236786,0.010890228602169861,0.08483368661175648
601,True,,0.009101064875721931,0.02360578067600727,,0.0,,,,,,0.0023464157711714506,0.06218096613883972,0.0,0.01790163479745388,0.0,0.0,0.0,0.0,0.1031692773103714,0.0004111789056235329,,,
602,True,,0.009469334967434406,0.026136215776205063,,0.0,,,,,,0.00307399476878345,0.055318787693977356,0.0,0.018336569890379906,0.0,0.0,0.0,0.0,0.1316249966621399,0.0004108944037340785,,,
603,True,,0.01423744298517704,0.03785093501210213,,0.0,,,,,,0.005411121062934399,0.08058703690767288,0.0,0.028085775673389435,0.0,0.0,0.0,0.0,0.10818995535373688,0.00041060955938479287,,,
604,True,,0.015064983628690243,0.026410549879074097,,0.0,,,,,,0.006802886724472046,0.07520486414432526,0.0,0.029652461409568787,0.0,0.0,0.0,0.0,0.07941288501024246,0.00041032437329349637,,,
605,True,,0.01058961357921362,0.02626767009496689,,0.0,,,,,,0.0034015504643321037,0.06362300366163254,0.0,0.020616140216588974,0.0,0.0,0.0,0.0,0.10129417479038239,0.0004100388461788703,,,
606,True,,0.007812506519258022,0.024989571422338486,,0.0,,,,,,0.0021360935643315315,0.048605892807245255,0.0,0.015059085562825203,0.0,0.0,0.0,0.0,0.22835199534893036,0.00040975297876045543,,,
607,True,,0.012817616574466228,0.030662942677736282,,0.0,,,,,,0.004826843272894621,0.07250458002090454,0.0,0.025201547890901566,0.0,0.0,0.0,0.0,0.1099097952246666,0.0004094667717586502,,,
608,True,,0.01052494253963232,0.03037986159324646,,0.0,,,,,,0.0033498916309326887,0.06612225621938705,0.0,0.020790858194231987,0.0,0.0,0.0,0.0,0.14168153703212738,0.00040918022589470885,,,
609,True,,0.011544018052518368,0.028153635561466217,,0.0,,,,,,0.0038795298896729946,0.07009344547986984,0.0,0.02271442860364914,0.0,0.0,0.0,0.0,0.11404100805521011,0.0004088933418907393,,,
610,True,,0.013716035522520542,0.03356233984231949,,0.0,,,,,,0.005330349784344435,0.07351265847682953,0.0,0.02673327550292015,0.0,0.0,0.0,0.0,0.16932982206344604,0.0004086061204697018,,,
611,True,,0.012199142947793007,0.029908437281847,,0.0,,,,,,0.004220904316753149,0.07227559387683868,0.0,0.023946691304445267,0.0,0.0,0.0,0.0,0.07482389360666275,0.00040831856235540694,,,
612,True,,0.009814155288040638,0.020439814776182175,,0.0,,,,,,0.0034257634542882442,0.05721643939614296,0.0,0.01916596107184887,0.0,0.0,0.0,0.0,0.10063207894563675,0.00040803066827251375,,,
613,True,,0.010218157432973385,0.023881934583187103,,0.0,,,,,,0.0038139938842505217,0.05578252673149109,0.0,0.019849222153425217,0.0,0.0,0.0,0.0,0.11644971370697021,0.0004077424389465277,,,
614,True,,0.013767284341156483,0.028900759294629097,,0.0,,,,,,0.004188185557723045,0.08747506141662598,0.0,0.026991983875632286,0.0,0.0,0.0,0.0,0.13655096292495728,0.00040745387510379954,,,
615,True,,0.013219265267252922,0.02270713448524475,,0.0,,,,,,0.004541418980807066,0.08001243323087692,0.0,0.025988999754190445,0.0,0.0,0.0,0.0,0.09149841964244843,0.0004071649774715225,,,
616,True,,0.016522865742444992,0.026836929842829704,,0.0,,,,,,0.007656593807041645,0.08207213878631592,0.0,0.03265504539012909,0.0,0.0,0.0,0.0,0.06878382712602615,0.00040687574677773146,,,
617,True,,0.016488095745444298,0.039690934121608734,,0.0,,,,,,0.0062675680965185165,0.09469623863697052,0.0,0.03262219578027725,0.0,0.0,0.0,0.0,0.10298680514097214,0.00040658618375130027,,,
618,True,,0.01297512836754322,0.04089387133717537,,0.0,,,,,,0.004556186031550169,0.07643426954746246,0.0,0.025583680719137192,0.0,0.0,0.0,0.0,0.11181257665157318,0.0004062962891219403,,,
619,True,,0.011056551709771156,0.026270106434822083,,0.0,,,,,,0.003737085498869419,0.0650283545255661,0.0,0.021559175103902817,0.0,0.0,0.0,0.0,0.14933186769485474,0.00040600606362019894,,,
620,True,,0.011519908905029297,0.030579179525375366,,0.0,,,,,,0.0040785097517073154,0.06768559664487839,0.0,0.02267276868224144,0.0,0.0,0.0,0.0,0.10671895742416382,0.00040571550797745693,,,
621,True,,0.01124754548072815,0.025432515889406204,,0.0,,,,,,0.0030574395786970854,0.07500675320625305,0.0,0.022059986367821693,0.0,0.0,0.0,0.0,0.1038089394569397,0.0004054246229259272,,,
622,True,,0.013377994298934937,0.033959079533815384,,0.0,,,,,,0.004358835984021425,0.08136734366416931,0.0,0.026213154196739197,0.0,0.0,0.0,0.0,0.12167154252529144,0.0004051334091986528,,,
623,True,,0.010674074292182922,0.029018942266702652,,0.0,,,,,,0.0031688353046774864,0.06743994355201721,0.0,0.020877093076705933,0.0,0.0,0.0,0.0,0.11215800046920776,0.000404841867529505,,,
624,True,,0.011417275294661522,0.028119206428527832,,0.0,,,,,,0.0042043449357151985,0.06613466143608093,0.0,0.0225162785500288,0.0,0.0,0.0,0.0,0.12644656002521515,0.00040454999865318167,,,
625,True,,0.013715392909944057,0.025197802111506462,,0.0,,,,,,0.004182507283985615,0.08626291900873184,0.0,0.02677617035806179,0.0,0.0,0.0,0.0,0.11495286971330643,0.000404257803305205,,,
626,True,,0.012362361885607243,0.021389467641711235,,0.0,,,,,,0.005107339471578598,0.06563688814640045,0.0,0.02424728497862816,0.0,0.0,0.0,0.0,0.12651515007019043,0.00040396528222192,,,
627,True,,0.010475803166627884,0.021209079772233963,,0.0,,,,,,0.0038020056672394276,0.059905074536800385,0.0,0.020480407401919365,0.0,0.0,0.0,0.0,0.10211795568466187,0.0004036724361404927,,,
628,True,,0.011690151877701283,0.027666809037327766,,0.0,,,,,,0.003653563093394041,0.0734894722700119,0.0,0.022969331592321396,0.0,0.0,0.0,0.0,0.1409021019935608,0.0004033792657989079,,,
629,True,,0.013371356762945652,0.028177794069051743,,0.0,,,,,,0.004391198977828026,0.08089076727628708,0.0,0.02613341063261032,0.0,0.0,0.0,0.0,0.1131371557712555,0.00040308577193596775,,,
630,True,,0.008718468248844147,0.02533278986811638,,0.0,,,,,,0.0021610776893794537,0.05845858156681061,0.0,0.016978733241558075,0.0,0.0,0.0,0.0,0.14475253224372864,0.00040279195529128954,,,
631,True,,0.010305769741535187,0.02312343195080757,,0.0,,,,,,0.0033084643073379993,0.06445664167404175,0.0,0.020291132852435112,0.0,0.0,0.0,0.0,0.10506802052259445,0.00040249781660530397,,,
632,True,,0.013023611158132553,0.029120149090886116,,0.0,,,,,,0.004328245297074318,0.07937067747116089,0.0,0.02558012679219246,0.0,0.0,0.0,0.0,0.10569506138563156,0.00040220335661925356,,,
633,True,,0.008705896325409412,0.023813322186470032,,0.0,,,,,,0.0027170623652637005,0.05248913913965225,0.0,0.01691000536084175,0.0,0.0,0.0,0.0,0.12156422436237335,0.00040190857607519024,,,
634,True,,0.01364932768046856,0.025899678468704224,,0.0,,,,,,0.0038998760282993317,0.0895051434636116,0.0,0.026758715510368347,0.0,0.0,0.0,0.0,0.1465170979499817,0.0004016134757159737,,,
635,True,,0.013615677133202553,0.026744239032268524,,0.0,,,,,,0.004626916721463203,0.08107878267765045,0.0,0.02661791443824768,0.0,0.0,0.0,0.0,0.19507837295532227,0.0004013180562852701,,,
636,True,,0.01365957222878933,0.024305377155542374,,0.0,,,,,,0.004659959580749273,0.08372490853071213,0.0,0.02693507820367813,0.0,0.0,0.0,0.0,0.0802847221493721,0.0004010223185275489,,,
637,True,,0.01636859029531479,0.0324384942650795,,0.0,,,,,,0.008022414520382881,0.07493198662996292,0.0,0.03220858797430992,0.0,0.0,0.0,0.0,0.13996753096580505,0.00040072626318808234,,,
638,True,,0.011221875436604023,0.024345409125089645,,0.0,,,,,,0.0039325496181845665,0.06556463241577148,0.0,0.02195434272289276,0.0,0.0,0.0,0.0,0.11856363713741302,0.0004004298910129429,,,
639,True,,0.010020910762250423,0.01901509240269661,,0.0,,,,,,0.004032347351312637,0.05456835776567459,0.0,0.019700244069099426,0.0,0.0,0.0,0.0,0.05740667134523392,0.0004001332027490013,,,
640,True,,0.01057989802211523,0.0281515009701252,,0.0,,,,,,0.0023353765718638897,0.07341310381889343,0.0,0.020538099110126495,0.0,0.0,0.0,0.0,0.1445481926202774,0.0003998361991439248,,,
641,True,,0.014270845800638199,0.03403583541512489,,0.0,,,,,,0.005000649020075798,0.08540941774845123,0.0,0.028152795508503914,0.0,0.0,0.0,0.0,0.08791717141866684,0.0003995388809461757,,,
642,True,,0.012290138751268387,0.02226864919066429,,0.0,,,,,,0.004326768685132265,0.0743166133761406,0.0,0.024271255359053612,0.0,0.0,0.0,0.0,0.1090058907866478,0.0003992412489050087,,,
643,True,,0.012156356126070023,0.02515384554862976,,0.0,,,,,,0.0036944530438631773,0.07813163101673126,0.0,0.02391551062464714,0.0,0.0,0.0,0.0,0.12065362185239792,0.00039894330377046957,,,
644,True,,0.01210379134863615,0.02469407580792904,,0.0,,,,,,0.004246251657605171,0.07142920047044754,0.0,0.023739904165267944,0.0,0.0,0.0,0.0,0.06646455824375153,0.000398645046293393,,,
645,True,,0.01038482878357172,0.027022287249565125,,0.0,,,,,,0.003059620736166835,0.06523901224136353,0.0,0.020238574594259262,0.0,0.0,0.0,0.0,0.07701879739761353,0.0003983464772254009,,,
646,True,,0.008790485560894012,0.026403849944472313,,0.0,,,,,,0.0021077473647892475,0.06196855381131172,0.0,0.01735912635922432,0.0,0.0,0.0,0.0,0.1115962341427803,0.00039804759731890046,,,
647,True,,0.009190072305500507,0.04207247123122215,,0.0,,,,,,0.0022035795263946056,0.060939494520425797,0.0,0.017908327281475067,0.0,0.0,0.0,0.0,0.2011152058839798,0.0003977484073270819,,,
648,True,,0.011782243847846985,0.029270868748426437,,0.0,,,,,,0.00350574660114944,0.07344898581504822,0.0,0.022925598546862602,0.0,0.0,0.0,0.0,0.1318073868751526,0.0003974489080039172,,,
649,True,,0.01141357608139515,0.030153051018714905,,0.0,,,,,,0.002870643511414528,0.07808105647563934,0.0,0.022393856197595596,0.0,0.0,0.0,0.0,0.09549069404602051,0.0003971491001041576,,,
650,True,,0.012282268144190311,0.028998378664255142,,0.0,,,,,,0.003730149008333683,0.07657865434885025,0.0,0.023960266262292862,0.0,0.0,0.0,0.0,0.13710051774978638,0.0003968489843833323,,,
651,True,,0.011979389935731888,0.026361912488937378,,0.0,,,,,,0.00386648066341877,0.07319875061511993,0.0,0.02342936396598816,0.0,0.0,0.0,0.0,0.14927910268306732,0.00039654856159774594,,,
652,True,,0.009832879528403282,0.025818604975938797,,0.0,,,,,,0.003106550080701709,0.05984111875295639,0.0,0.01918172836303711,0.0,0.0,0.0,0.0,0.10957405716180801,0.00039624783250447694,,,
653,True,,0.010350004769861698,0.022010037675499916,,0.0,,,,,,0.0030410108156502247,0.06606419384479523,0.0,0.0202175360172987,0.0,0.0,0.0,0.0,0.10596170276403427,0.0003959467978613758,,,
654,True,,0.009860322810709476,0.02380695566534996,,0.0,,,,,,0.0027515047695487738,0.06457005441188812,0.0,0.019306901842355728,0.0,0.0,0.0,0.0,0.1465296894311905,0.0003956454584270631,,,
655,True,,0.013415900990366936,0.02711273357272148,,0.0,,,,,,0.004073711112141609,0.08460589498281479,0.0,0.02622132934629917,0.0,0.0,0.0,0.0,0.13475638628005981,0.0003953438149609272,,,
656,True,,0.012912947684526443,0.02974507212638855,,0.0,,,,,,0.004467856604605913,0.0784609466791153,0.0,0.02552434802055359,0.0,0.0,0.0,0.0,0.13825801014900208,0.00039504186822312295,,,
657,True,,0.014751449227333069,0.03234913572669029,,0.0,,,,,,0.004683918785303831,0.09011188894510269,0.0,0.028770048171281815,0.0,0.0,0.0,0.0,0.1891145557165146,0.00039473961897456915,,,
658,True,,0.01517449226230383,0.029608240351080894,,0.0,,,,,,0.006007310934364796,0.08133108913898468,0.0,0.029610995203256607,0.0,0.0,0.0,0.0,0.17979572713375092,0.0003944370679769473,,,
659,True,,0.01267237402498722,0.0336894728243351,,0.0,,,,,,0.0040470934472978115,0.07605031132698059,0.0,0.024661393836140633,0.0,0.0,0.0,0.0,0.12041104584932327,0.00039413421599269896,,,
660,True,,0.01095682755112648,0.030662385746836662,,0.0,,,,,,0.0037195421755313873,0.06575515121221542,0.0,0.021558508276939392,0.0,0.0,0.0,0.0,0.15709556639194489,0.0003938310637850244,,,
661,True,,0.011400037445127964,0.02653568983078003,,0.0,,,,,,0.0033383783884346485,0.0719136893749237,0.0,0.02219514176249504,0.0,0.0,0.0,0.0,0.15306396782398224,0.00039352761211788043,,,
662,True,,0.013949661515653133,0.03211803734302521,,0.0,,,,,,0.005388069897890091,0.07714629173278809,0.0,0.0273735411465168,0.0,0.0,0.0,0.0,0.09825094044208527,0.00039322386175597853,,,
663,True,,0.013984264805912971,0.028081247583031654,,0.0,,,,,,0.005823906511068344,0.07333908975124359,0.0,0.027422893792390823,0.0,0.0,0.0,0.0,0.11766663193702698,0.0003929198134647828,,,
664,True,,0.010392711497843266,0.02452859841287136,,0.0,,,,,,0.003755837446078658,0.05969567224383354,0.0,0.020363401621580124,0.0,0.0,0.0,0.0,0.1089969277381897,0.00039261546801050835,,,
665,True,,0.008703506551682949,0.020485231652855873,,0.0,,,,,,0.0022076063323765993,0.058335669338703156,0.0,0.016949530690908432,0.0,0.0,0.0,0.0,0.09903246909379959,0.0003923108261601189,,,
666,True,,0.010580472648143768,0.02337121032178402,,0.0,,,,,,0.003555623348802328,0.06425370275974274,0.0,0.020795177668333054,0.0,0.0,0.0,0.0,0.08203377574682236,0.00039200588868132515,,,
667,True,,0.016001412644982338,0.028807558119297028,,0.0,,,,,,0.005696484353393316,0.09517818689346313,0.0,0.031503792852163315,0.0,0.0,0.0,0.0,0.12762701511383057,0.00039170065634258296,,,
668,True,,0.013834459707140923,0.027956297621130943,,0.0,,,,,,0.0056768786162137985,0.07558441162109375,0.0,0.02734934166073799,0.0,0.0,0.0,0.0,0.1312527358531952,0.00039139512991309125,,,
669,True,,0.009210359305143356,0.021121012046933174,,0.0,,,,,,0.0033318425994366407,0.051775481551885605,0.0,0.017930960282683372,0.0,0.0,0.0,0.0,0.15449842810630798,0.00039108931016278983,,,
670,True,,0.013419833034276962,0.025598296895623207,,0.0,,,,,,0.004804103169590235,0.07809647917747498,0.0,0.026289567351341248,0.0,0.0,0.0,0.0,0.08274218440055847,0.0003907831978623577,,,
671,True,,0.009964663535356522,0.03632884472608566,,0.0,,,,,,0.0016234803479164839,0.076467365026474,0.0,0.01959816925227642,0.0,0.0,0.0,0.0,0.16408105194568634,0.00039047679378321153,,,
672,True,,0.012614723294973373,0.026039041578769684,,0.0,,,,,,0.004789303056895733,0.06919647008180618,0.0,0.02458406426012516,0.0,0.0,0.0,0.0,0.1128145232796669,0.0003901700986975028,,,
673,True,,0.015656771138310432,0.024825021624565125,,0.0,,,,,,0.006051441188901663,0.08610927313566208,0.0,0.030567388981580734,0.0,0.0,0.0,0.0,0.1252228319644928,0.00038986311337811647,,,
674,True,,0.011942139826714993,0.03689020872116089,,0.0,,,,,,0.003513695439323783,0.07613146305084229,0.0,0.02343788370490074,0.0,0.0,0.0,0.0,0.1442282348871231,0.00038955583859866906,,,
675,True,,0.01282188855111599,0.026519346982240677,,0.0,,,,,,0.0050967843271791935,0.07144829630851746,0.0,0.02532869577407837,0.0,0.0,0.0,0.0,0.09392843395471573,0.00038924827513350633,,,
676,True,,0.010327700525522232,0.028799815103411674,,0.0,,,,,,0.003230533329769969,0.061888810247182846,0.0,0.020035114139318466,0.0,0.0,0.0,0.0,0.13681168854236603,0.0003889404237577018,,,
677,True,,0.010163429193198681,0.02521778643131256,,0.0,,,,,,0.0034577655605971813,0.05799257010221481,0.0,0.019672628492116928,0.0,0.0,0.0,0.0,0.13724634051322937,0.0003886322852470542,,,
678,True,,0.014784266240894794,0.03062371537089348,,0.0,,,,,,0.005183088593184948,0.08893504738807678,0.0,0.029167097061872482,0.0,0.0,0.0,0.0,0.17521364986896515,0.0003883238603780862,,,
679,True,,0.008810605853796005,0.022152334451675415,,0.0,,,,,,0.002433465328067541,0.056984204798936844,0.0,0.017164014279842377,0.0,0.0,0.0,0.0,0.0805332288146019,0.0003880151499280418,,,
680,True,,0.012284672819077969,0.027219485491514206,,0.0,,,,,,0.005009596236050129,0.06509637832641602,0.0,0.024076102301478386,0.0,0.0,0.0,0.0,0.103458933532238,0.00038770615467488475,,,
681,True,,0.01086005661636591,0.027337204664945602,,0.0,,,,,,0.0038523736875504255,0.06298387050628662,0.0,0.021284189075231552,0.0,0.0,0.0,0.0,0.11102935671806335,0.00038739687539729684,,,
682,True,,0.01315110269933939,0.024329140782356262,,0.0,,,,,,0.004907754249870777,0.07597339153289795,0.0,0.025899488478899002,0.0,0.0,0.0,0.0,0.09619338065385818,0.00038708731287467516,,,
683,True,,0.014098478481173515,0.02393948659300804,,0.0,,,,,,0.005635095294564962,0.07784929871559143,0.0,0.027757897973060608,0.0,0.0,0.0,0.0,0.09461371600627899,0.00038677746788713083,,,
684,True,,0.008248778991401196,0.02171270176768303,,0.0,,,,,,0.002310282550752163,0.0538332462310791,0.0,0.016159512102603912,0.0,0.0,0.0,0.0,0.0890829861164093,0.00038646734121548673,,,
685,True,,0.013658026233315468,0.041322290897369385,,0.0,,,,,,0.004225691314786673,0.08423105627298355,0.0,0.026720046997070312,0.0,0.0,0.0,0.0,0.11534414440393448,0.0003861569336412756,,,
686,True,,0.010778114199638367,0.02620086632668972,,0.0,,,,,,0.0033250804990530014,0.06664487719535828,0.0,0.021029692143201828,0.0,0.0,0.0,0.0,0.1875557154417038,0.0003858462459467381,,,
687,True,,0.016701893880963326,0.03084750846028328,,0.0,,,,,,0.0056249722838401794,0.10222502052783966,0.0,0.03285784274339676,0.0,0.0,0.0,0.0,0.11592419445514679,0.0003855352789148209,,,
688,True,,0.014475195668637753,0.029335852712392807,,0.0,,,,,,0.005915285553783178,0.07819612324237823,0.0,0.028503451496362686,0.0,0.0,0.0,0.0,0.0862315371632576,0.0003852240333291743,,,
689,True,,0.010329458862543106,0.021694624796509743,,0.0,,,,,,0.0034866034984588623,0.06318595260381699,0.0,0.020351603627204895,0.0,0.0,0.0,0.0,0.08783525228500366,0.0003849125099741509,,,
690,True,,0.024237679317593575,0.03592618927359581,,0.0,,,,,,0.012509524822235107,0.1063789576292038,0.0,0.04774436354637146,0.0,0.0,0.0,0.0,0.10467974841594696,0.0003846007096348031,,,
691,True,,0.014555700123310089,0.035203009843826294,,0.0,,,,,,0.005133058410137892,0.08611583709716797,0.0,0.028652373701334,0.0,0.0,0.0,0.0,0.1088574230670929,0.0003842886330968814,,,
692,True,,0.008360772393643856,0.019917309284210205,,0.0,,,,,,0.0025285419542342424,0.05244465172290802,0.0,0.016332952305674553,0.0,0.0,0.0,0.0,0.1092207208275795,0.0003839762811468323,,,
693,True,,0.012213840149343014,0.023878682404756546,,0.0,,,,,,0.004277244210243225,0.07141409069299698,0.0,0.023871280252933502,0.0,0.0,0.0,0.0,0.1401335895061493,0.0003836636545717963,,,
694,True,,0.0086060781031847,0.02002527005970478,,0.0,,,,,,0.0028489679098129272,0.052182722836732864,0.0,0.016873572021722794,0.0,0.0,0.0,0.0,0.1399925947189331,0.00038335075415960615,,,
695,True,,0.010584170930087566,0.02275700867176056,,0.0,,,,,,0.0031363102607429028,0.06683884561061859,0.0,0.020631935447454453,0.0,0.0,0.0,0.0,0.08818302303552628,0.00038303758069878444,,,
696,True,,0.01015015784651041,0.020870789885520935,,0.0,,,,,,0.0035869181156158447,0.0579947754740715,0.0,0.01974526047706604,0.0,0.0,0.0,0.0,0.08681628108024597,0.0003827241349785419,,,
697,True,,0.011125500313937664,0.025734152644872665,,0.0,,,,,,0.0038084499537944794,0.06574597209692001,0.0,0.02176588773727417,0.0,0.0,0.0,0.0,0.1104452982544899,0.0003824104177887756,,,
698,True,,0.014228633604943752,0.02408585324883461,,0.0,,,,,,0.005470959469676018,0.07814732193946838,0.0,0.02775518409907818,0.0,0.0,0.0,0.0,0.16951677203178406,0.0003820964299200665,,,
699,True,,0.013282966800034046,0.029461927711963654,,0.0,,,,,,0.004972530994564295,0.07656954228878021,0.0,0.02620707079768181,0.0,0.0,0.0,0.0,0.08591821044683456,0.0003817821721636776,,,
700,True,,0.013220198452472687,0.025576679036021233,,0.0,,,,,,0.0036036111414432526,0.08720218390226364,0.0,0.025799794122576714,0.0,0.0,0.0,0.0,0.15992960333824158,0.0003814676453115524,0.07303989277411001,0.010188124669399602,0.08544726933929389
701,True,,0.01480124145746231,0.02572530508041382,,0.0,,,,,,0.00587964802980423,0.08123651146888733,0.0,0.02906179428100586,0.0,0.0,0.0,0.0,0.11473957449197769,0.0003811528501563121,,,
702,True,,0.009621629491448402,0.024205096065998077,,0.0,,,,,,0.002244100905954838,0.06425972282886505,0.0,0.018533753231167793,0.0,0.0,0.0,0.0,0.22419452667236328,0.00038083778749125436,,,
703,True,,0.01297163125127554,0.02594461292028427,,0.0,,,,,,0.004808279685676098,0.0754619613289833,0.0,0.025585554540157318,0.0,0.0,0.0,0.0,0.08256614208221436,0.0003805224581103509,,,
704,True,,0.012593351304531097,0.026887208223342896,,0.0,,,,,,0.004619023762643337,0.07284192740917206,0.0,0.024765439331531525,0.0,0.0,0.0,0.0,0.16190436482429504,0.0003802068628082453,,,
705,True,,0.012863842770457268,0.02393277734518051,,0.0,,,,,,0.004879347514361143,0.07264053821563721,0.0,0.025246571749448776,0.0,0.0,0.0,0.0,0.09887266159057617,0.00037989100238025174,,,
706,True,,0.008004797622561455,0.020106378942728043,,0.0,,,,,,0.0021837912499904633,0.05084109678864479,0.0,0.015473762527108192,0.0,0.0,0.0,0.0,0.1200179010629654,0.00037957487762235216,,,
707,True,,0.013477190397679806,0.024137265980243683,,0.0,,,,,,0.005563161335885525,0.07329821586608887,0.0,0.02661154605448246,0.0,0.0,0.0,0.0,0.14929786324501038,0.00037925848933119486,,,
708,True,,0.01070048101246357,0.029004445299506187,,0.0,,,,,,0.003589071799069643,0.06424383819103241,0.0,0.021003980189561844,0.0,0.0,0.0,0.0,0.16944561898708344,0.00037894183830409193,,,
709,True,,0.016706429421901703,0.024850968271493912,,0.0,,,,,,0.005143418908119202,0.10791396349668503,0.0,0.032889753580093384,0.0,0.0,0.0,0.0,0.14771293103694916,0.00037862492533901807,,,
710,True,,0.01929790899157524,0.036267396062612534,,0.0,,,,,,0.008501032367348671,0.09944994747638702,0.0,0.038106612861156464,0.0,0.0,0.0,0.0,0.10700278729200363,0.00037830775123460754,,,
711,True,,0.01155566330999136,0.028692763298749924,,0.0,,,,,,0.004087336361408234,0.0647476315498352,0.0,0.022404689341783524,0.0,0.0,0.0,0.0,0.08106834441423416,0.00037799031679015317,,,
712,True,,0.013211051933467388,0.03115464374423027,,0.0,,,,,,0.0044586556032299995,0.0789886862039566,0.0,0.025880122557282448,0.0,0.0,0.0,0.0,0.13081298768520355,0.0003776726228056034,,,
713,True,,0.016894878819584846,0.027919825166463852,,0.0,,,,,,0.0071852440014481544,0.08948272466659546,0.0,0.03330759331583977,0.0,0.0,0.0,0.0,0.1912280023097992,0.00037735467008156103,,,
714,True,,0.009553787298500538,0.023017320781946182,,0.0,,,,,,0.0032283521723002195,0.05575062334537506,0.0,0.018587375059723854,0.0,0.0,0.0,0.0,0.13765330612659454,0.00037703645941928097,,,
715,True,,0.013149270787835121,0.0319954976439476,,0.0,,,,,,0.00479481928050518,0.07446424663066864,0.0,0.025710470974445343,0.0,0.0,0.0,0.0,0.14091990888118744,0.0003767179916206676,,,
716,True,,0.010995802469551563,0.031904615461826324,,0.0,,,,,,0.003791657742112875,0.06477105617523193,0.0,0.021583613008260727,0.0,0.0,0.0,0.0,0.13520148396492004,0.00037639926748827407,,,
717,True,,0.009389394894242287,0.02639167383313179,,0.0,,,,,,0.002129665808752179,0.06432576477527618,0.0,0.01821555383503437,0.0,0.0,0.0,0.0,0.210053488612175,0.00037608028782529885,,,
718,True,,0.009022021666169167,0.027281347662210464,,0.0,,,,,,0.0021664341911673546,0.060662802308797836,0.0,0.01752755045890808,0.0,0.0,0.0,0.0,0.10740207880735397,0.0003757610534355848,,,
719,True,,0.009038371965289116,0.01951894536614418,,0.0,,,,,,0.0023853303864598274,0.05834420397877693,0.0,0.017453312873840332,0.0,0.0,0.0,0.0,0.12466226518154144,0.0003754415651236163,,,
720,True,,0.012395903468132019,0.024757105857133865,,0.0,,,,,,0.004060311242938042,0.07645682990550995,0.0,0.02434946969151497,0.0,0.0,0.0,0.0,0.1075555682182312,0.00037512182369451815,,,
721,True,,0.011151080019772053,0.028105298057198524,,0.0,,,,,,0.0035659088753163815,0.06743454933166504,0.0,0.02174149639904499,0.0,0.0,0.0,0.0,0.1012892946600914,0.00037480182995405244,,,
722,True,,0.0148044154047966,0.026462219655513763,,0.0,,,,,,0.005370646715164185,0.08731676638126373,0.0,0.02917136251926422,0.0,0.0,0.0,0.0,0.12351157516241074,0.00037448158470861754,,,
723,True,,0.013192507438361645,0.025990791618824005,,0.0,,,,,,0.004341884981840849,0.07998901605606079,0.0,0.025793202221393585,0.0,0.0,0.0,0.0,0.07682452350854874,0.0003741610887652453,,,
724,True,,0.00997198186814785,0.025592848658561707,,0.0,,,,,,0.0028242829721421003,0.06616957485675812,0.0,0.019669150933623314,0.0,0.0,0.0,0.0,0.08755845576524734,0.0003738403429315997,,,
725,True,,0.013395014218986034,0.02732335776090622,,0.0,,,,,,0.00525707146152854,0.07369756698608398,0.0,0.026295077055692673,0.0,0.0,0.0,0.0,0.07744909077882767,0.00037351934801597406,,,
726,True,,0.00895234476774931,0.03010159730911255,,0.0,,,,,,0.002403300954028964,0.0580216683447361,0.0,0.017458828166127205,0.0,0.0,0.0,0.0,0.07693947851657867,0.00037319810482728963,,,
727,True,,0.012736892327666283,0.02138666994869709,,0.0,,,,,,0.004803383257240057,0.07186248898506165,0.0,0.02494039200246334,0.0,0.0,0.0,0.0,0.09767564386129379,0.00037287661417509334,,,
728,True,,0.01098120491951704,0.02345276065170765,,0.0,,,,,,0.0035245975013822317,0.06892210245132446,0.0,0.021632540971040726,0.0,0.0,0.0,0.0,0.08143085986375809,0.0003725548768695555,,,
729,True,,0.008762613870203495,0.02263728529214859,,0.0,,,,,,0.0023771440610289574,0.05810394138097763,0.0,0.017176523804664612,0.0,0.0,0.0,0.0,0.09829081594944,0.0003722328937214684,,,
730,True,,0.016378842294216156,0.028477611020207405,,0.0,,,,,,0.00822790339589119,0.0750744491815567,0.0,0.03239896893501282,0.0,0.0,0.0,0.0,0.08919165283441544,0.00037191066554224353,,,
731,True,,0.00971069186925888,0.030145961791276932,,0.0,,,,,,0.0026127793826162815,0.06406587362289429,0.0,0.019031519070267677,0.0,0.0,0.0,0.0,0.09779097139835358,0.00037158819314390984,,,
732,True,,0.011351307854056358,0.021034780889749527,,0.0,,,,,,0.003705888520926237,0.07138008624315262,0.0,0.022405553609132767,0.0,0.0,0.0,0.0,0.06325528770685196,0.0003712654773391121,,,
733,True,,0.01047864556312561,0.022916603833436966,,0.0,,,,,,0.00337076629512012,0.0654507428407669,0.0,0.020623652264475822,0.0,0.0,0.0,0.0,0.0719776377081871,0.0003709425189411081,,,
734,True,,0.012143241241574287,0.02228233963251114,,0.0,,,,,,0.003603458870202303,0.07712320983409882,0.0,0.023681845515966415,0.0,0.0,0.0,0.0,0.16283582150936127,0.00037061931876376705,,,
735,True,,0.008943486958742142,0.02177363634109497,,0.0,,,,,,0.002948012202978134,0.05331725627183914,0.0,0.01744096167385578,0.0,0.0,0.0,0.0,0.10713314265012741,0.00037029587762156757,,,
736,True,,0.014257833361625671,0.026995960623025894,,0.0,,,,,,0.004805541597306728,0.08878352493047714,0.0,0.02821168676018715,0.0,0.0,0.0,0.0,0.08583303540945053,0.0003699721963295955,,,
737,True,,0.007725750096142292,0.027328010648489,,0.0,,,,,,0.0018373074708506465,0.052702777087688446,0.0,0.015106615610420704,0.0,0.0,0.0,0.0,0.15340623259544373,0.00036964827570354174,,,
738,True,,0.009735939092934132,0.026630327105522156,,0.0,,,,,,0.002580564469099045,0.06541411578655243,0.0,0.019124219194054604,0.0,0.0,0.0,0.0,0.08320708572864532,0.00036932411655970056,,,
739,True,,0.010125162079930305,0.02269306220114231,,0.0,,,,,,0.003800271777436137,0.057170502841472626,0.0,0.01986941508948803,0.0,0.0,0.0,0.0,0.12081003934144974,0.000368999719714967,,,
740,True,,0.0105879632756114,0.02147800102829933,,0.0,,,,,,0.003914987668395042,0.06194860115647316,0.0,0.020912591367959976,0.0,0.0,0.0,0.0,0.09958236664533615,0.00036867508598683533,,,
741,True,,0.014490509405732155,0.029123252257704735,,0.0,,,,,,0.0044284663163125515,0.09369915723800659,0.0,0.02858012542128563,0.0,0.0,0.0,0.0,0.1192665845155716,0.00036835021619339677,,,
742,True,,0.013212339021265507,0.026438377797603607,,0.0,,,,,,0.004742852412164211,0.076871857047081,0.0,0.0259067602455616,0.0,0.0,0.0,0.0,0.08159869909286499,0.00036802511115333725,,,
743,True,,0.010125749744474888,0.016368944197893143,,0.0,,,,,,0.0031482819467782974,0.0627303421497345,0.0,0.019710756838321686,0.0,0.0,0.0,0.0,0.10104783624410629,0.0003676997716859357,,,
744,True,,0.012632583267986774,0.024637989699840546,,0.0,,,,,,0.004928978160023689,0.07011222094297409,0.0,0.024819161742925644,0.0,0.0,0.0,0.0,0.08640186488628387,0.00036737419861106196,,,
745,True,,0.015882888808846474,0.02207178622484207,,0.0,,,,,,0.0048930952325463295,0.10160237550735474,0.0,0.031156938523054123,0.0,0.0,0.0,0.0,0.23912164568901062,0.00036704839274917425,,,
746,True,,0.008927162736654282,0.02248324081301689,,0.0,,,,,,0.003108041826635599,0.053321585059165955,0.0,0.01759219542145729,0.0,0.0,0.0,0.0,0.06738635897636414,0.00036672235492131764,,,
747,True,,0.010378056205809116,0.024560293182730675,,0.0,,,,,,0.0037215861957520247,0.059258077293634415,0.0,0.020271051675081253,0.0,0.0,0.0,0.0,0.09345231205224991,0.0003663960859491215,,,
748,True,,0.016444295644760132,0.025650691241025925,,0.0,,,,,,0.008397710509598255,0.07278459519147873,0.0,0.0323769748210907,0.0,0.0,0.0,0.0,0.10985174030065536,0.0003660695866547981,,,
749,True,,0.012502581812441349,0.03502744436264038,,0.0,,,,,,0.004055465571582317,0.07514232397079468,0.0,0.024422552436590195,0.0,0.0,0.0,0.0,0.2080114185810089,0.0003657428578611399,,,
750,True,,0.014166926965117455,0.027830149978399277,,0.0,,,,,,0.005488133057951927,0.07930756360292435,0.0,0.027864117175340652,0.0,0.0,0.0,0.0,0.09923727065324783,0.0003654159003915176,,,
751,True,,0.01493654865771532,0.02777305617928505,,0.0,,,,,,0.005811357870697975,0.08204196393489838,0.0,0.02922983467578888,0.0,0.0,0.0,0.0,0.14082981646060944,0.0003650887150698784,,,
752,True,,0.013033746741712093,0.024198101833462715,,0.0,,,,,,0.005042617209255695,0.07372216880321503,0.0,0.025690561160445213,0.0,0.0,0.0,0.0,0.07685831934213638,0.0003647613027207436,,,
753,True,,0.011682204902172089,0.024522144347429276,,0.0,,,,,,0.0034866323694586754,0.07444058358669281,0.0,0.022858116775751114,0.0,0.0,0.0,0.0,0.1502172201871872,0.00036443366416920656,,,
754,True,,0.012079210951924324,0.024050448089838028,,0.0,,,,,,0.003619421971961856,0.077140673995018,0.0,0.02365320548415184,0.0,0.0,0.0,0.0,0.10233388841152191,0.00036410580024093074,,,
755,True,,0.01096767745912075,0.02230432815849781,,0.0,,,,,,0.003821393009275198,0.06540095061063766,0.0,0.021552208811044693,0.0,0.0,0.0,0.0,0.07354599237442017,0.0003637777117621475,,,
756,True,,0.010053160600364208,0.027784280478954315,,0.0,,,,,,0.0037605937104672194,0.05636626482009888,0.0,0.019728222861886024,0.0,0.0,0.0,0.0,0.13311269879341125,0.0003634493995596543,,,
757,True,,0.011293210089206696,0.02274005487561226,,0.0,,,,,,0.0035091235768049955,0.07149059325456619,0.0,0.02217879332602024,0.0,0.0,0.0,0.0,0.09947849810123444,0.00036312086446081216,,,
758,True,,0.011595653370022774,0.024034827947616577,,0.0,,,,,,0.004148351028561592,0.06670917570590973,0.0,0.022655270993709564,0.0,0.0,0.0,0.0,0.10570203512907028,0.0003627921072935438,,,
759,True,,0.00983391609042883,0.021869491785764694,,0.0,,,,,,0.0025573051534593105,0.06605535745620728,0.0,0.019215453416109085,0.0,0.0,0.0,0.0,0.09619159251451492,0.0003624631288863317,,,
760,True,,0.011171909980475903,0.029500722885131836,,0.0,,,,,,0.0029097250662744045,0.07506397366523743,0.0,0.0218830406665802,0.0,0.0,0.0,0.0,0.13240012526512146,0.00036213393006821575,,,
761,True,,0.00872225221246481,0.02144702337682247,,0.0,,,,,,0.0025588262360543013,0.05562679469585419,0.0,0.017058227211236954,0.0,0.0,0.0,0.0,0.11980404704809189,0.00036180451166879145,,,
762,True,,0.019635673612356186,0.03171129524707794,,0.0,,,,,,0.009153386577963829,0.09583628177642822,0.0,0.03868979960680008,0.0,0.0,0.0,0.0,0.10868408530950546,0.00036147487451820745,,,
763,True,,0.013449102640151978,0.02610171213746071,,0.0,,,,,,0.0037603143136948347,0.08903427422046661,0.0,0.026373863220214844,0.0,0.0,0.0,0.0,0.10225219279527664,0.0003611450194471638,,,
764,True,,0.00627745408564806,0.021608561277389526,,0.0,,,,,,0.001467801397666335,0.0424916110932827,0.0,0.012210502289235592,0.0,0.0,0.0,0.0,0.26187774538993835,0.00036081494728690977,,,
765,True,,0.008017619140446186,0.02256716415286064,,0.0,,,,,,0.002218015491962433,0.050465960055589676,0.0,0.015507902950048447,0.0,0.0,0.0,0.0,0.10389892011880875,0.0003604846588692415,,,
766,True,,0.010523688048124313,0.024787355214357376,,0.0,,,,,,0.0031819818541407585,0.06682058423757553,0.0,0.02063560113310814,0.0,0.0,0.0,0.0,0.08729052543640137,0.00036015415502650016,,,
767,True,,0.011037795804440975,0.020393148064613342,,0.0,,,,,,0.004457283765077591,0.059491805732250214,0.0,0.021648190915584564,0.0,0.0,0.0,0.0,0.09753644466400146,0.0003598234365915701,,,
768,True,,0.011692549102008343,0.02680766023695469,,0.0,,,,,,0.0031638937070965767,0.07836397737264633,0.0,0.02296091616153717,0.0,0.0,0.0,0.0,0.12050049006938934,0.000359492504397876,,,
769,True,,0.008028495125472546,0.023467324674129486,,0.0,,,,,,0.0023748676758259535,0.049828629940748215,0.0,0.015620898455381393,0.0,0.0,0.0,0.0,0.12336535006761551,0.00035916135927938146,,,
770,True,,0.009544041007757187,0.025785507634282112,,0.0,,,,,,0.0032950383611023426,0.05771627277135849,0.0,0.01886856183409691,0.0,0.0,0.0,0.0,0.1250353455543518,0.0003588300020705868,,,
771,True,,0.010138537734746933,0.02620258554816246,,0.0,,,,,,0.004118963144719601,0.05459889397025108,0.0,0.019979415461421013,0.0,0.0,0.0,0.0,0.15131762623786926,0.0003584984336065265,,,
772,True,,0.017505774274468422,0.028244849294424057,,0.0,,,,,,0.0067076790146529675,0.09981030970811844,0.0,0.034476932138204575,0.0,0.0,0.0,0.0,0.10440752655267715,0.0003581666547227676,,,
773,True,,0.00914487149566412,0.024897204712033272,,0.0,,,,,,0.002667646622285247,0.05760341137647629,0.0,0.01782183162868023,0.0,0.0,0.0,0.0,0.10290126502513885,0.00035783466625540747,,,
774,True,,0.014407534152269363,0.025821199640631676,,0.0,,,,,,0.00557823246344924,0.07849679887294769,0.0,0.02809365838766098,0.0,0.0,0.0,0.0,0.15135054290294647,0.0003575024690410714,,,
775,True,,0.00931323878467083,0.020341824740171432,,0.0,,,,,,0.0031242133118212223,0.05687838792800903,0.0,0.01832870952785015,0.0,0.0,0.0,0.0,0.06781678646802902,0.0003571700639169109,,,
776,True,,0.006357400678098202,0.023378698155283928,,0.0,,,,,,0.0012940323213115335,0.04383746534585953,0.0,0.012268966063857079,0.0,0.0,0.0,0.0,0.10925834625959396,0.0003568374517206015,,,
777,True,,0.01348290778696537,0.0219368115067482,,0.0,,,,,,0.004407721105962992,0.08362680673599243,0.0,0.026472676545381546,0.0,0.0,0.0,0.0,0.09862716495990753,0.0003565046332903403,,,
778,True,,0.008477043360471725,0.02244926616549492,,0.0,,,,,,0.0025855880230665207,0.052992746233940125,0.0,0.01658639870584011,0.0,0.0,0.0,0.0,0.04918309301137924,0.0003561716094648445,,,
779,True,,0.013058016076683998,0.028132153674960136,,0.0,,,,,,0.00567939318716526,0.06603802740573883,0.0,0.02562253549695015,0.0,0.0,0.0,0.0,0.11346325278282166,0.0003558383810833485,,,
780,True,,0.008626430295407772,0.02182486653327942,,0.0,,,,,,0.002791068982332945,0.05347501114010811,0.0,0.01698324829339981,0.0,0.0,0.0,0.0,0.08564305305480957,0.0003555049489856024,,,
781,True,,0.010659676976501942,0.021225102245807648,,0.0,,,,,,0.0035170377232134342,0.06603996455669403,0.0,0.020992962643504143,0.0,0.0,0.0,0.0,0.08055973798036575,0.0003551713140118698,,,
782,True,,0.01046119537204504,0.022202573716640472,,0.0,,,,,,0.003486578818410635,0.06386115401983261,0.0,0.02055591531097889,0.0,0.0,0.0,0.0,0.06563327461481094,0.00035483747700292505,,,
783,True,,0.010983205400407314,0.025583423674106598,,0.0,,,,,,0.003813444171100855,0.06643839180469513,0.0,0.021696321666240692,0.0,0.0,0.0,0.0,0.08897021412849426,0.00035450343880005233,,,
784,True,,0.011477959342300892,0.08012286573648453,,0.0,,,,,,0.004630896262824535,0.05833572894334793,0.0,0.02274365723133087,0.0,0.0,0.0,0.0,0.11698449403047562,0.0003541692002450423,,,
785,True,,0.012188933789730072,0.022340038791298866,,0.0,,,,,,0.004479140974581242,0.07173018157482147,0.0,0.02406449243426323,0.0,0.0,0.0,0.0,0.09883920103311539,0.00035383476218019095,,,
786,True,,0.01358702126890421,0.030016206204891205,,0.0,,,,,,0.004629421513527632,0.08404222875833511,0.0,0.026920828968286514,0.0,0.0,0.0,0.0,0.07369185984134674,0.0003535001254482965,,,
787,True,,0.013114560395479202,0.02237054705619812,,0.0,,,,,,0.005104374140501022,0.0726487934589386,0.0,0.02570752054452896,0.0,0.0,0.0,0.0,0.0952337458729744,0.0003531652908926584,,,
788,True,,0.015297604724764824,0.028009552508592606,,0.0,,,,,,0.006981243379414082,0.07422098517417908,0.0,0.029981041327118874,0.0,0.0,0.0,0.0,0.18565648794174194,0.0003528302593570741,,,
789,True,,0.009548638015985489,0.02039327099919319,,0.0,,,,,,0.0027461680583655834,0.06224764883518219,0.0,0.0187235027551651,0.0,0.0,0.0,0.0,0.08720603585243225,0.0003524950316858378,,,
790,True,,0.014817801304161549,0.029332242906093597,,0.0,,,,,,0.005467463284730911,0.08577553927898407,0.0,0.029156140983104706,0.0,0.0,0.0,0.0,0.10381331294775009,0.00035215960872373803,,,
791,True,,0.0063470229506492615,0.024903608486056328,,0.0,,,,,,0.0019344633910804987,0.038482971489429474,0.0,0.012378819286823273,0.0,0.0,0.0,0.0,0.19699658453464508,0.00035182399131605504,,,
792,True,,0.009607411921024323,0.021173981949687004,,0.0,,,,,,0.002721066353842616,0.060566265136003494,0.0,0.018596844747662544,0.0,0.0,0.0,0.0,0.24521194398403168,0.0003514881803085595,,,
793,True,,0.014832899905741215,0.026906078681349754,,0.0,,,,,,0.006429953034967184,0.07616324722766876,0.0,0.029148239642381668,0.0,0.0,0.0,0.0,0.12507647275924683,0.0003511521765475098,,,
794,True,,0.010290585458278656,0.025154244154691696,,0.0,,,,,,0.003574202535673976,0.05993868410587311,0.0,0.020110199227929115,0.0,0.0,0.0,0.0,0.13377349078655243,0.0003508159808796501,,,
795,True,,0.01760707050561905,0.027745651081204414,,0.0,,,,,,0.0074761598370969296,0.09332244843244553,0.0,0.03469293192028999,0.0,0.0,0.0,0.0,0.12108808010816574,0.00035047959415220807,,,
796,True,,0.01090457197278738,0.027384676039218903,,0.0,,,,,,0.0033796175848692656,0.06522773951292038,0.0,0.021080810576677322,0.0,0.0,0.0,0.0,0.2807825207710266,0.0003501430172128931,,,
797,True,,0.010605905205011368,0.02154695987701416,,0.0,,,,,,0.003323365468531847,0.06538158655166626,0.0,0.02068289928138256,0.0,0.0,0.0,0.0,0.1448928713798523,0.0003498062509098936,,,
798,True,,0.011489545926451683,0.023624055087566376,,0.0,,,,,,0.003687942400574684,0.07044687867164612,0.0,0.02245841547846794,0.0,0.0,0.0,0.0,0.23384153842926025,0.0003494692960918755,,,
799,True,,0.012362736277282238,0.02814432792365551,,0.0,,,,,,0.003914192318916321,0.07542905956506729,0.0,0.02410127781331539,0.0,0.0,0.0,0.0,0.1807364821434021,0.00034913215360797957,,,
800,True,,0.015065171755850315,0.02902904525399208,,0.0,,,,,,0.007019441574811935,0.07098174840211868,0.0,0.0294730793684721,0.0,0.0,0.0,0.0,0.15977005660533905,0.00034879482430781974,0.0667927964180816,0.01019437672304097,0.08594150347739381
801,True,,0.015134764835238457,0.02770928479731083,,0.0,,,,,,0.005937700159847736,0.08373922854661942,0.0,0.029723480343818665,0.0,0.0,0.0,0.0,0.17526347935199738,0.00034845730904148033,,,
802,True,,0.010764743201434612,0.032167188823223114,,0.0,,,,,,0.003213027957826853,0.07003538310527802,0.0,0.021302981302142143,0.0,0.0,0.0,0.0,0.09803695231676102,0.0003481196086595147,,,
803,True,,0.012228017672896385,0.028087887912988663,,0.0,,,,,,0.0036849593743681908,0.07824544608592987,0.0,0.02401839941740036,0.0,0.0,0.0,0.0,0.15366798639297485,0.0003477817240129425,,,
804,True,,0.009680619463324547,0.026954319328069687,,0.0,,,,,,0.00330628314986825,0.05553539842367172,0.0,0.018809985369443893,0.0,0.0,0.0,0.0,0.1844869703054428,0.00034744365595324795,,,
805,True,,0.011941066943109035,0.02364952675998211,,0.0,,,,,,0.004015275277197361,0.07193516194820404,0.0,0.023386353626847267,0.0,0.0,0.0,0.0,0.1712181568145752,0.0003471054053323771,,,
806,True,,0.009328093379735947,0.019482705742120743,,0.0,,,,,,0.0027594352141022682,0.0589476078748703,0.0,0.01817711628973484,0.0,0.0,0.0,0.0,0.09708841890096664,0.0003467669730027364,,,
807,True,,0.010306828655302525,0.025844920426607132,,0.0,,,,,,0.003332391381263733,0.06308697164058685,0.0,0.02020636573433876,0.0,0.0,0.0,0.0,0.09679324924945831,0.0003464283598171901,,,
808,True,,0.00926810223609209,0.01993517577648163,,0.0,,,,,,0.002301276195794344,0.06207801401615143,0.0,0.017976529896259308,0.0,0.0,0.0,0.0,0.09255281835794449,0.00034608956662905824,,,
809,True,,0.01289210096001625,0.026813535019755363,,0.0,,,,,,0.004189362283796072,0.08014870434999466,0.0,0.0253644697368145,0.0,0.0,0.0,0.0,0.09255684167146683,0.00034575059429211435,,,
810,True,,0.011879262514412403,0.03041083924472332,,0.0,,,,,,0.00407030526548624,0.07052946090698242,0.0,0.023306623101234436,0.0,0.0,0.0,0.0,0.18978732824325562,0.00034541144366058354,,,
811,True,,0.01332712359726429,0.025661954656243324,,0.0,,,,,,0.005002707242965698,0.07598336040973663,0.0,0.02618478611111641,0.0,0.0,0.0,0.0,0.0774589255452156,0.0003450721155891403,,,
812,True,,0.014861698262393475,0.02863301895558834,,0.0,,,,,,0.00621156208217144,0.08077292144298553,0.0,0.029436882585287094,0.0,0.0,0.0,0.0,0.06923195719718933,0.0003447326109329061,,,
813,True,,0.006629433482885361,0.019639352336525917,,0.0,,,,,,0.0015091908862814307,0.0454258993268013,0.0,0.012877607718110085,0.0,0.0,0.0,0.0,0.10550566762685776,0.00034439293054744753,,,
814,True,,0.010010307654738426,0.022616993635892868,,0.0,,,,,,0.0034637516364455223,0.059590280055999756,0.0,0.0196592565625906,0.0,0.0,0.0,0.0,0.06826180219650269,0.000344053075288774,,,
815,True,,0.009309033863246441,0.01667984016239643,,0.0,,,,,,0.003014430170878768,0.057127706706523895,0.0,0.01820303313434124,0.0,0.0,0.0,0.0,0.09443401545286179,0.0003437130460133356,,,
816,True,,0.010835218243300915,0.026738079264760017,,0.0,,,,,,0.003260641824454069,0.06649082899093628,0.0,0.0210123248398304,0.0,0.0,0.0,0.0,0.13616175949573517,0.0003433728435780209,,,
817,True,,0.00932763610035181,0.03796818107366562,,0.0,,,,,,0.0028649873565882444,0.058223623782396317,0.0,0.01839466765522957,0.0,0.0,0.0,0.0,0.15772849321365356,0.0003430324688401549,,,
818,True,,0.013127445243299007,0.023757390677928925,,0.0,,,,,,0.005883438047021627,0.06284403800964355,0.0,0.025532860308885574,0.0,0.0,0.0,0.0,0.08993799239397049,0.00034269192265749706,,,
819,True,,0.00764935277402401,0.026608604937791824,,0.0,,,,,,0.002115491311997175,0.05001010000705719,0.0,0.015031939372420311,0.0,0.0,0.0,0.0,0.11919131129980087,0.00034235120588823817,,,
820,True,,0.010454481467604637,0.022405043244361877,,0.0,,,,,,0.003587969345971942,0.060579027980566025,0.0,0.020324403420090675,0.0,0.0,0.0,0.0,0.12538641691207886,0.00034201031939099966,,,
821,True,,0.012231999076902866,0.02507616952061653,,0.0,,,,,,0.005136797670274973,0.06611258536577225,0.0,0.024230817332863808,0.0,0.0,0.0,0.0,0.15629248321056366,0.0003416692640248304,,,
822,True,,0.010874694213271141,0.022408127784729004,,0.0,,,,,,0.0034379223361611366,0.0670454204082489,0.0,0.021241240203380585,0.0,0.0,0.0,0.0,0.24881741404533386,0.0003413280406492047,,,
823,True,,0.011207858100533485,0.022681940346956253,,0.0,,,,,,0.0035521730314940214,0.07160188257694244,0.0,0.022147037088871002,0.0,0.0,0.0,0.0,0.07153736799955368,0.00034098665012402036,,,
824,True,,0.010843295603990555,0.024829518049955368,,0.0,,,,,,0.0035614229273051023,0.06680573523044586,0.0,0.021333586424589157,0.0,0.0,0.0,0.0,0.10065443813800812,0.0003406450933095965,,,
825,True,,0.013148392550647259,0.030224796384572983,,0.0,,,,,,0.004191023297607899,0.08060707151889801,0.0,0.025702372193336487,0.0,0.0,0.0,0.0,0.2179771512746811,0.0003403033710666711,,,
826,True,,0.01349366083741188,0.02471540868282318,,0.0,,,,,,0.0060060820542275906,0.06734470278024673,0.0,0.026481367647647858,0.0,0.0,0.0,0.0,0.1890917271375656,0.0003399614842563992,,,
827,True,,0.013342117890715599,0.023734547197818756,,0.0,,,,,,0.004286922514438629,0.08297702670097351,0.0,0.026164088398218155,0.0,0.0,0.0,0.0,0.10598619282245636,0.00033961943374035054,,,
828,True,,0.01196123007684946,0.024524077773094177,,0.0,,,,,,0.0036150512751191854,0.07630658149719238,0.0,0.02345218136906624,0.0,0.0,0.0,0.0,0.12712204456329346,0.00033927722038050727,,,
829,True,,0.014003481715917587,0.02449427917599678,,0.0,,,,,,0.005027553532272577,0.08039821684360504,0.0,0.02731579914689064,0.0,0.0,0.0,0.0,0.10668949037790298,0.000338934845039262,,,
830,True,,0.00794605165719986,0.021408148109912872,,0.0,,,,,,0.001805421314202249,0.052255790680646896,0.0,0.015191134065389633,0.0,0.0,0.0,0.0,0.1517956256866455,0.0003385923085794156,,,
831,True,,0.010194567032158375,0.02565666288137436,,0.0,,,,,,0.0036380670499056578,0.05844130367040634,0.0,0.01993333175778389,0.0,0.0,0.0,0.0,0.11596804112195969,0.0003382496118641748,,,
832,True,,0.00842539593577385,0.021564308553934097,,0.0,,,,,,0.002263203263282776,0.05735979229211807,0.0,0.01664022170007229,0.0,0.0,0.0,0.0,0.10422065109014511,0.0003379067557571504,,,
833,True,,0.008752042427659035,0.024815205484628677,,0.0,,,,,,0.0024427545722573996,0.05832400545477867,0.0,0.01727534830570221,0.0,0.0,0.0,0.0,0.2451687753200531,0.00033756374112235476,,,
834,True,,0.008302316069602966,0.021192483603954315,,0.0,,,,,,0.0019575997721403837,0.05752312019467354,0.0,0.016224153339862823,0.0,0.0,0.0,0.0,0.1156327873468399,0.00033722056882419966,,,
835,True,,0.009979071095585823,0.02413339354097843,,0.0,,,,,,0.0038031390868127346,0.05537506937980652,0.0,0.019561050459742546,0.0,0.0,0.0,0.0,0.16979561746120453,0.00033687723972749433,,,
836,True,,0.010488193482160568,0.027328450232744217,,0.0,,,,,,0.00287602748721838,0.06841501593589783,0.0,0.020479008555412292,0.0,0.0,0.0,0.0,0.1417938768863678,0.00033653375469744297,,,
837,True,,0.01666226238012314,0.029143620282411575,,0.0,,,,,,0.007326870691031218,0.0866980329155922,0.0,0.032950371503829956,0.0,0.0,0.0,0.0,0.0899219661951065,0.00033619011459964297,,,
838,True,,0.01702549308538437,0.02660946734249592,,0.0,,,,,,0.007833382114768028,0.08295609056949615,0.0,0.03342057764530182,0.0,0.0,0.0,0.0,0.17494797706604004,0.00033584632030008246,,,
839,True,,0.011329089291393757,0.025205017998814583,,0.0,,,,,,0.004520823247730732,0.06064546853303909,0.0,0.022166509181261063,0.0,0.0,0.0,0.0,0.1434933990240097,0.00033550237266513795,,,
840,True,,0.008787528611719608,0.019691821187734604,,0.0,,,,,,0.0032580620609223843,0.048787519335746765,0.0,0.01712126098573208,0.0,0.0,0.0,0.0,0.20810376107692719,0.0003351582725615725,,,
841,True,,0.009502590633928776,0.01863022893667221,,0.0,,,,,,0.0026851322036236525,0.061050333082675934,0.0,0.018479058519005775,0.0,0.0,0.0,0.0,0.09501782059669495,0.00033481402085653347,,,
842,True,,0.017775140702724457,0.023794401437044144,,0.0,,,,,,0.008755541406571865,0.08261818438768387,0.0,0.03503044694662094,0.0,0.0,0.0,0.0,0.0978231132030487,0.0003344696184175501,,,
843,True,,0.010357397608458996,0.020595692098140717,,0.0,,,,,,0.0034833154641091824,0.06156228482723236,0.0,0.02020289935171604,0.0,0.0,0.0,0.0,0.10787928104400635,0.00033412506611253163,,,
844,True,,0.013981097377836704,0.023746293038129807,,0.0,,,,,,0.005563202779740095,0.07730254530906677,0.0,0.027512017637491226,0.0,0.0,0.0,0.0,0.11860175430774689,0.00033378036480976485,,,
845,True,,0.007607238832861185,0.01934654451906681,,0.0,,,,,,0.0019505317322909832,0.049924880266189575,0.0,0.014743724837899208,0.0,0.0,0.0,0.0,0.1712578982114792,0.00033343551537791226,,,
846,True,,0.014622960239648819,0.02459093928337097,,0.0,,,,,,0.004852615762501955,0.09116536378860474,0.0,0.02883802354335785,0.0,0.0,0.0,0.0,0.09520631283521652,0.0003330905186860093,,,
847,True,,0.004800254479050636,0.014424145221710205,,0.0,,,,,,0.001422373577952385,0.02901805192232132,0.0,0.009268674999475479,0.0,0.0,0.0,0.0,0.16075000166893005,0.00033274537560346284,,,
848,True,,0.01214156299829483,0.022143159061670303,,0.0,,,,,,0.004439059179276228,0.06853760778903961,0.0,0.023655813187360764,0.0,0.0,0.0,0.0,0.11698735505342484,0.00033240008700004844,,,
849,True,,0.013563165441155434,0.02744133211672306,,0.0,,,,,,0.005075107794255018,0.07845890522003174,0.0,0.026758577674627304,0.0,0.0,0.0,0.0,0.06881307065486908,0.00033205465374590846,,,
850,True,,0.010963893495500088,0.022030143067240715,,0.0,,,,,,0.0031839990988373756,0.06824500858783722,0.0,0.021192695945501328,0.0,0.0,0.0,0.0,0.16724058985710144,0.00033170907671154973,,,
851,True,,0.01047411747276783,0.028750862926244736,,0.0,,,,,,0.002321713138371706,0.07390700280666351,0.0,0.020474039018154144,0.0,0.0,0.0,0.0,0.10733677446842194,0.00033136335676784155,,,
852,True,,0.00919367652386427,0.01593603380024433,,0.0,,,,,,0.0030621341429650784,0.05389178544282913,0.0,0.017804350703954697,0.0,0.0,0.0,0.0,0.09329807758331299,0.00033101749478601323,,,
853,True,,0.015287191607058048,0.027550600469112396,,0.0,,,,,,0.006648859940469265,0.07814741134643555,0.0,0.030026298016309738,0.0,0.0,0.0,0.0,0.13113293051719666,0.0003306714916376522,,,
854,True,,0.015836281701922417,0.02561025135219097,,0.0,,,,,,0.005527075380086899,0.09276376664638519,0.0,0.030895836651325226,0.0,0.0,0.0,0.0,0.13848106563091278,0.00033032534819470134,,,
855,True,,0.012047425843775272,0.022778630256652832,,0.0,,,,,,0.0045217773877084255,0.06902988255023956,0.0,0.02369997836649418,0.0,0.0,0.0,0.0,0.08094935864210129,0.0003299790653294573,,,
856,True,,0.015115302987396717,0.024035006761550903,,0.0,,,,,,0.005935918539762497,0.08559346199035645,0.0,0.029850918799638748,0.0,0.0,0.0,0.0,0.08151930570602417,0.000329632643914568,,,
857,True,,0.009988576173782349,0.025689683854579926,,0.0,,,,,,0.00283616385422647,0.06532284617424011,0.0,0.019613921642303467,0.0,0.0,0.0,0.0,0.09530732035636902,0.00032928608482303047,,,
858,True,,0.010480371303856373,0.021021835505962372,,0.0,,,,,,0.0033920533023774624,0.06449057161808014,0.0,0.020531699061393738,0.0,0.0,0.0,0.0,0.08523856103420258,0.00032893938892818885,,,
859,True,,0.015505616553127766,0.021805793046951294,,0.0,,,,,,0.00566825270652771,0.0910692885518074,0.0,0.03049885667860508,0.0,0.0,0.0,0.0,0.10171407461166382,0.0003285925571037319,,,
860,True,,0.011082724668085575,0.026534540578722954,,0.0,,,,,,0.0035305460914969444,0.06838659197092056,0.0,0.02171727642416954,0.0,0.0,0.0,0.0,0.09601245075464249,0.00032824559022369106,,,
861,True,,0.007747430820018053,0.021973326802253723,,0.0,,,,,,0.002029407536610961,0.049556586891412735,0.0,0.01495223119854927,0.0,0.0,0.0,0.0,0.09129562228918076,0.00032789848916243785,,,
862,True,,0.009683875367045403,0.02189357578754425,,0.0,,,,,,0.0024538813158869743,0.0650438666343689,0.0,0.0188610777258873,0.0,0.0,0.0,0.0,0.17604947090148926,0.00032755125479468224,,,
863,True,,0.009313828311860561,0.018491921946406364,,0.0,,,,,,0.0022064377553761005,0.06582078337669373,0.0,0.018287263810634613,0.0,0.0,0.0,0.0,0.07391422986984253,0.00032720388799546983,,,
864,True,,0.010057643055915833,0.029224269092082977,,0.0,,,,,,0.0027978948783129454,0.06608807295560837,0.0,0.019756589084863663,0.0,0.0,0.0,0.0,0.1407332867383957,0.00032685638964018035,,,
865,True,,0.00902590062469244,0.01885209232568741,,0.0,,,,,,0.002905450761318207,0.055598191916942596,0.0,0.017679691314697266,0.0,0.0,0.0,0.0,0.055026959627866745,0.0003265087606045246,,,
866,True,,0.011457342654466629,0.02029765397310257,,0.0,,,,,,0.0038260403089225292,0.06890784204006195,0.0,0.022377144545316696,0.0,0.0,0.0,0.0,0.09590847790241241,0.00032616100176454315,,,
867,True,,0.007097176276147366,0.021830199286341667,,0.0,,,,,,0.001730035524815321,0.04753000661730766,0.0,0.013798514381051064,0.0,0.0,0.0,0.0,0.11347178369760513,0.0003258131139966032,,,
868,True,,0.007322320714592934,0.02202933467924595,,0.0,,,,,,0.0017577754333615303,0.0487036369740963,0.0,0.014170752838253975,0.0,0.0,0.0,0.0,0.12115780264139175,0.00032546509817739746,,,
869,True,,0.00806575920432806,0.022338487207889557,,0.0,,,,,,0.002233874285593629,0.05110682547092438,0.0,0.015633700415492058,0.0,0.0,0.0,0.0,0.09707895666360855,0.00032511695518394065,,,
870,True,,0.010613451711833477,0.0259396992623806,,0.0,,,,,,0.0032455897890031338,0.06611746549606323,0.0,0.020730184391140938,0.0,0.0,0.0,0.0,0.14138445258140564,0.0003247686858935685,,,
871,True,,0.01516589056700468,0.03554560989141464,,0.0,,,,,,0.006102709099650383,0.08127140998840332,0.0,0.02975119650363922,0.0,0.0,0.0,0.0,0.10182956606149673,0.00032442029118393467,,,
872,True,,0.011552362702786922,0.023067086935043335,,0.0,,,,,,0.004032562952488661,0.06732332706451416,0.0,0.022547930479049683,0.0,0.0,0.0,0.0,0.08694738149642944,0.00032407177193300937,,,
873,True,,0.0075310030952095985,0.0212530717253685,,0.0,,,,,,0.0019607599824666977,0.05016573145985603,0.0,0.014720866456627846,0.0,0.0,0.0,0.0,0.09308366477489471,0.0003237231290190759,,,
874,True,,0.00912929605692625,0.027543120086193085,,0.0,,,,,,0.00308204791508615,0.053176384419202805,0.0,0.01780441403388977,0.0,0.0,0.0,0.0,0.14444740116596222,0.00032337436332073,,,
875,True,,0.006210347171872854,0.02946566790342331,,0.0,,,,,,0.0012182806385681033,0.04214668646454811,0.0,0.011937953531742096,0.0,0.0,0.0,0.0,0.21270273625850677,0.00032302547571687627,,,
876,True,,0.011694462038576603,0.020928416401147842,,0.0,,,,,,0.003961135633289814,0.07011276483535767,0.0,0.022876158356666565,0.0,0.0,0.0,0.0,0.2790493369102478,0.0003226764670867267,,,
877,True,,0.007805528584867716,0.016946248710155487,,0.0,,,,,,0.002237704349681735,0.04872411489486694,0.0,0.01508510671555996,0.0,0.0,0.0,0.0,0.10610693693161011,0.0003223273383097984,,,
878,True,,0.011347583495080471,0.022768620401620865,,0.0,,,,,,0.0037959604524075985,0.06926499307155609,0.0,0.022297728806734085,0.0,0.0,0.0,0.0,0.12107045203447342,0.0003219780902659109,,,
879,True,,0.017199132591485977,0.029418224468827248,,0.0,,,,,,0.006030983291566372,0.10189589858055115,0.0,0.03371388837695122,0.0,0.0,0.0,0.0,0.1623051017522812,0.0003216287238351848,,,
880,True,,0.009424806572496891,0.023220032453536987,,0.0,,,,,,0.002613379154354334,0.0617813766002655,0.0,0.018448524177074432,0.0,0.0,0.0,0.0,0.19111040234565735,0.0003212792398980386,,,
881,True,,0.01010334026068449,0.021827619522809982,,0.0,,,,,,0.0029509221203625202,0.06582450866699219,0.0,0.019854988902807236,0.0,0.0,0.0,0.0,0.1218392550945282,0.000320929639335187,,,
882,True,,0.015189353376626968,0.03742866963148117,,0.0,,,,,,0.005214314442127943,0.09320448338985443,0.0,0.03009840101003647,0.0,0.0,0.0,0.0,0.11432809382677078,0.0003205799230276389,,,
883,True,,0.009003127925097942,0.020136279985308647,,0.0,,,,,,0.002569352276623249,0.05797041207551956,0.0,0.01757088303565979,0.0,0.0,0.0,0.0,0.14979007840156555,0.0003202300918566946,,,
884,True,,0.012320703826844692,0.022160250693559647,,0.0,,,,,,0.004722590558230877,0.06753267347812653,0.0,0.024018164724111557,0.0,0.0,0.0,0.0,0.12630774080753326,0.0003198801467039438,,,
885,True,,0.012487049214541912,0.017859414219856262,,0.0,,,,,,0.0029267396312206984,0.08545025438070297,0.0,0.024137407541275024,0.0,0.0,0.0,0.0,0.19627495110034943,0.00031953008845126356,,,
886,True,,0.008267072029411793,0.020082375034689903,,0.0,,,,,,0.0023729787208139896,0.052530668675899506,0.0,0.016093941405415535,0.0,0.0,0.0,0.0,0.1114255040884018,0.00031917991798081625,,,
887,True,,0.008680539205670357,0.028108926489949226,,0.0,,,,,,0.002923415508121252,0.05063046142458916,0.0,0.016948089003562927,0.0,0.0,0.0,0.0,0.11225970834493637,0.0003188296361750464,,,
888,True,,0.0103544220328331,0.031217044219374657,,0.0,,,,,,0.0031688902527093887,0.0672907754778862,0.0,0.02056455984711647,0.0,0.0,0.0,0.0,0.24846798181533813,0.00031847924391667964,,,
889,True,,0.012010280042886734,0.024837832897901535,,0.0,,,,,,0.004290139302611351,0.0689210444688797,0.0,0.023440901190042496,0.0,0.0,0.0,0.0,0.1484142541885376,0.00031812874208871983,,,
890,True,,0.009071378968656063,0.02222534827888012,,0.0,,,,,,0.002446714323014021,0.059254635125398636,0.0,0.017665810883045197,0.0,0.0,0.0,0.0,0.10068444907665253,0.00031777813157444666,,,
891,True,,0.011834099888801575,0.023902103304862976,,0.0,,,,,,0.004154963418841362,0.068447545170784,0.0,0.02307283878326416,0.0,0.0,0.0,0.0,0.1147078275680542,0.00031742741325741403,,,
892,True,,0.011716569773852825,0.02238420769572258,,0.0,,,,,,0.0047380877658724785,0.06368914991617203,0.0,0.023047415539622307,0.0,0.0,0.0,0.0,0.12275883555412292,0.00031707658802144746,,,
893,True,,0.011417067609727383,0.02089855819940567,,0.0,,,,,,0.005141991190612316,0.0561736598610878,0.0,0.022385410964488983,0.0,0.0,0.0,0.0,0.13597822189331055,0.00031672565675064184,,,
894,True,,0.011210289783775806,0.021959342062473297,,0.0,,,,,,0.004007345996797085,0.06429856270551682,0.0,0.021867085248231888,0.0,0.0,0.0,0.0,0.09532807022333145,0.0003163746203293593,,,
895,True,,0.008790469728410244,0.019838396459817886,,0.0,,,,,,0.002888383809477091,0.05132191255688667,0.0,0.0170094296336174,0.0,0.0,0.0,0.0,0.10608255118131638,0.00031602347964222694,,,
896,True,,0.009573636576533318,0.026555195450782776,,0.0,,,,,,0.001968523021787405,0.06626680493354797,0.0,0.018434392288327217,0.0,0.0,0.0,0.0,0.11256392300128937,0.0003156722355741346,,,
897,True,,0.014875946566462517,0.02337954007089138,,0.0,,,,,,0.006491552107036114,0.07707507163286209,0.0,0.029308801516890526,0.0,0.0,0.0,0.0,0.13087670505046844,0.00031532088901023274,,,
898,True,,0.011864341795444489,0.02217145636677742,,0.0,,,,,,0.004413525573909283,0.06720733642578125,0.0,0.02322031557559967,0.0,0.0,0.0,0.0,0.0887964591383934,0.00031496944083592995,,,
899,True,,0.011158964596688747,0.022777892649173737,,0.0,,,,,,0.0033150743693113327,0.07087769359350204,0.0,0.021789588034152985,0.0,0.0,0.0,0.0,0.11214988678693771,0.000314617891936891,,,
900,True,,0.011484767310321331,0.022971831262111664,,0.0,,,,,,0.004149524495005608,0.06790528446435928,0.0,0.022654537111520767,0.0,0.0,0.0,0.0,0.095645010471344,0.0003142662431990345,0.04760819274159042,0.009332933858162494,0.049813508975963344
901,True,,0.012050165794789791,0.03153327852487564,,0.0,,,,,,0.004754175897687674,0.06617698073387146,0.0,0.02373737283051014,0.0,0.0,0.0,0.0,0.0992928072810173,0.00031391449550853057,,,
902,True,,0.012005496770143509,0.03387319669127464,,0.0,,,,,,0.004000579472631216,0.07271802425384521,0.0,0.02361661195755005,0.0,0.0,0.0,0.0,0.10346698015928268,0.00031356264975179884,,,
903,True,,0.01112547516822815,0.023548711091279984,,0.0,,,,,,0.004316762555390596,0.06309440732002258,0.0,0.02198716625571251,0.0,0.0,0.0,0.0,0.12422750890254974,0.00031321070681550594,,,
904,True,,0.01441703550517559,0.022784404456615448,,0.0,,,,,,0.005426350049674511,0.0829281359910965,0.0,0.028364043682813644,0.0,0.0,0.0,0.0,0.11303249001502991,0.0003128586675865634,,,
905,True,,0.009346461854875088,0.019223259761929512,,0.0,,,,,,0.0021393978968262672,0.06468985974788666,0.0,0.018147077411413193,0.0,0.0,0.0,0.0,0.09819233417510986,0.00031250653295212546,,,
906,True,,0.010966688394546509,0.021615687757730484,,0.0,,,,,,0.004207731690257788,0.06189596280455589,0.0,0.021580174565315247,0.0,0.0,0.0,0.0,0.09599833935499191,0.00031215430379958676,,,
907,True,,0.014086298644542694,0.028144868090748787,,0.0,,,,,,0.0046272482722997665,0.08681490272283554,0.0,0.02767648547887802,0.0,0.0,0.0,0.0,0.17461566627025604,0.00031180198101658026,,,
908,True,,0.012802031822502613,0.019517967477440834,,0.0,,,,,,0.0053177159279584885,0.06968089938163757,0.0,0.02528301812708378,0.0,0.0,0.0,0.0,0.07949809730052948,0.00031144956549097457,,,
909,True,,0.012821423821151257,0.023739103227853775,,0.0,,,,,,0.004858176223933697,0.07309704273939133,0.0,0.025226695463061333,0.0,0.0,0.0,0.0,0.11118747293949127,0.00031109705811087243,,,
910,True,,0.01686357706785202,0.026872463524341583,,0.0,,,,,,0.007712795864790678,0.08380720019340515,0.0,0.03322581946849823,0.0,0.0,0.0,0.0,0.13270775973796844,0.0003107444597646075,,,
911,True,,0.007828331552445889,0.021693343296647072,,0.0,,,,,,0.002055609365925193,0.051466092467308044,0.0,0.015247482806444168,0.0,0.0,0.0,0.0,0.1394926756620407,0.0003103917713407434,,,
912,True,,0.012435668148100376,0.023584939539432526,,0.0,,,,,,0.004678213037550449,0.07041086256504059,0.0,0.024390816688537598,0.0,0.0,0.0,0.0,0.09985528886318207,0.00031003899372807005,,,
913,True,,0.012892046943306923,0.021321948617696762,,0.0,,,,,,0.00465430598706007,0.07552868872880936,0.0,0.02531244233250618,0.0,0.0,0.0,0.0,0.08734145760536194,0.00030968612781560255,,,
914,True,,0.006661443971097469,0.01689913496375084,,0.0,,,,,,0.0015857303515076637,0.04364357888698578,0.0,0.012780522927641869,0.0,0.0,0.0,0.0,0.10626135021448135,0.0003093331744925785,,,
915,True,,0.009843556210398674,0.023563213646411896,,0.0,,,,,,0.00304265390150249,0.061226457357406616,0.0,0.019244488328695297,0.0,0.0,0.0,0.0,0.0901200994849205,0.00030898013464845557,,,
916,True,,0.014262979850172997,0.022791478782892227,,0.0,,,,,,0.005942569579929113,0.0749083161354065,0.0,0.027924295514822006,0.0,0.0,0.0,0.0,0.1265622079372406,0.0003086270091729095,,,
917,True,,0.01217125728726387,0.025811605155467987,,0.0,,,,,,0.004188393242657185,0.07393485307693481,0.0,0.02401125244796276,0.0,0.0,0.0,0.0,0.08243963867425919,0.0003082737989558322,,,
918,True,,0.013216632418334484,0.02124890498816967,,0.0,,,,,,0.005236848257482052,0.07396908849477768,0.0,0.02606287971138954,0.0,0.0,0.0,0.0,0.09213873744010925,0.00030792050488732855,,,
919,True,,0.010040496475994587,0.024126283824443817,,0.0,,,,,,0.003036883659660816,0.06176507845520973,0.0,0.019495151937007904,0.0,0.0,0.0,0.0,0.1355135142803192,0.0003075671278577151,,,
920,True,,0.011767968535423279,0.022010862827301025,,0.0,,,,,,0.004607469774782658,0.06509507447481155,0.0,0.02310505509376526,0.0,0.0,0.0,0.0,0.11175282299518585,0.0003072136687575175,,,
921,True,,0.013054482638835907,0.019432969391345978,,0.0,,,,,,0.005060767754912376,0.073216512799263,0.0,0.02563123218715191,0.0,0.0,0.0,0.0,0.13547281920909882,0.0003068601284774681,,,
922,True,,0.013306155800819397,0.025412684306502342,,0.0,,,,,,0.005036422982811928,0.07329097390174866,0.0,0.025925803929567337,0.0,0.0,0.0,0.0,0.1297888457775116,0.0003065065079085037,,,
923,True,,0.009520327672362328,0.018438223749399185,,0.0,,,,,,0.0035940229427069426,0.052656035870313644,0.0,0.018564336001873016,0.0,0.0,0.0,0.0,0.0763377994298935,0.00030615280794176364,,,
924,True,,0.015192297287285328,0.02692575380206108,,0.0,,,,,,0.00569949671626091,0.08709271252155304,0.0,0.029870323836803436,0.0,0.0,0.0,0.0,0.08429411053657532,0.00030579902946858734,,,
925,True,,0.015659231692552567,0.024888480082154274,,0.0,,,,,,0.007152128964662552,0.07774440944194794,0.0,0.030834686011075974,0.0,0.0,0.0,0.0,0.07124273478984833,0.000305445173380512,,,
926,True,,0.015137795358896255,0.02790180779993534,,0.0,,,,,,0.005914613604545593,0.08366518467664719,0.0,0.029697945341467857,0.0,0.0,0.0,0.0,0.15500742197036743,0.00030509124056927024,,,
927,True,,0.00974699854850769,0.02580663189291954,,0.0,,,,,,0.0026409286074340343,0.0645143985748291,0.0,0.019097432494163513,0.0,0.0,0.0,0.0,0.09920644015073776,0.00030473723192678845,,,
928,True,,0.004435197450220585,0.016497576609253883,,0.0,,,,,,0.0010051599238067865,0.029812799766659737,0.0,0.008586613461375237,0.0,0.0,0.0,0.0,0.07271912693977356,0.0003043831483451837,,,
929,True,,0.010474484413862228,0.018587518483400345,,0.0,,,,,,0.0037990815471857786,0.060897596180438995,0.0,0.020549200475215912,0.0,0.0,0.0,0.0,0.09082891792058945,0.00030402899071676223,,,
930,True,,0.00817927997559309,0.0162085872143507,,0.0,,,,,,0.002205862198024988,0.05256633460521698,0.0,0.015803862363100052,0.0,0.0,0.0,0.0,0.228080615401268,0.0003036747599340165,,,
931,True,,0.015905531123280525,0.023058880120515823,,0.0,,,,,,0.006600327789783478,0.08608272671699524,0.0,0.03134471923112869,0.0,0.0,0.0,0.0,0.1083771213889122,0.0003033204568896238,,,
932,True,,0.014398816041648388,0.02754165604710579,,0.0,,,,,,0.006313971243798733,0.07236902415752411,0.0,0.02822510525584221,0.0,0.0,0.0,0.0,0.09996885806322098,0.000302966082476443,,,
933,True,,0.010375826619565487,0.02017512172460556,,0.0,,,,,,0.0033993194811046124,0.06208830699324608,0.0,0.02018572762608528,0.0,0.0,0.0,0.0,0.1447633057832718,0.0003026116375875133,,,
934,True,,0.011346057988703251,0.023143380880355835,,0.0,,,,,,0.0039050872437655926,0.0682375431060791,0.0,0.022306334227323532,0.0,0.0,0.0,0.0,0.08650796115398407,0.00030225712311605127,,,
935,True,,0.013288255780935287,0.02560393512248993,,0.0,,,,,,0.004863489419221878,0.07812103629112244,0.0,0.026219887658953667,0.0,0.0,0.0,0.0,0.08512867242097855,0.0003019025399554488,,,
936,True,,0.007388536352664232,0.018451355397701263,,0.0,,,,,,0.002109356690198183,0.048434287309646606,0.0,0.014525835402309895,0.0,0.0,0.0,0.0,0.059733740985393524,0.000301547888999271,,,
937,True,,0.014100773259997368,0.025649771094322205,,0.0,,,,,,0.00612749345600605,0.07266009598970413,0.0,0.0277507733553648,0.0,0.0,0.0,0.0,0.12561102211475372,0.00030119317114125373,,,
938,True,,0.012259643524885178,0.025659769773483276,,0.0,,,,,,0.004718964919447899,0.06939549744129181,0.0,0.024174757301807404,0.0,0.0,0.0,0.0,0.09253635257482529,0.00030083838727530145,,,
939,True,,0.012619453482329845,0.023753874003887177,,0.0,,,,,,0.0038579129613935947,0.08236511051654816,0.0,0.02495141699910164,0.0,0.0,0.0,0.0,0.09638191014528275,0.00030048353829548494,,,
940,True,,0.014862030744552612,0.027309268712997437,,0.0,,,,,,0.0059581175446510315,0.0833081528544426,0.0,0.02942405641078949,0.0,0.0,0.0,0.0,0.11626004427671432,0.0003001286250960393,,,
941,True,,0.00955019611865282,0.025720171630382538,,0.0,,,,,,0.0031797904521226883,0.057189833372831345,0.0,0.018706172704696655,0.0,0.0,0.0,0.0,0.15572835505008698,0.0002997736485713612,,,
942,True,,0.008860607631504536,0.02305915206670761,,0.0,,,,,,0.00305834598839283,0.05186636000871658,0.0,0.017336182296276093,0.0,0.0,0.0,0.0,0.07325109839439392,0.00029941860961600695,,,
943,True,,0.01631433330476284,0.025583164766430855,,0.0,,,,,,0.00578455813229084,0.09421290457248688,0.0,0.03177601471543312,0.0,0.0,0.0,0.0,0.14373628795146942,0.0002990635091246903,,,
944,True,,0.01087634451687336,0.022414114326238632,,0.0,,,,,,0.0034424252808094025,0.06534798443317413,0.0,0.021077709272503853,0.0,0.0,0.0,0.0,0.1084146723151207,0.0002987083479922799,,,
945,True,,0.015213750302791595,0.03245420753955841,,0.0,,,,,,0.006329289637506008,0.0806962251663208,0.0,0.029937203973531723,0.0,0.0,0.0,0.0,0.07648511230945587,0.0002983531271137973,,,
946,True,,0.013198569416999817,0.023491185158491135,,0.0,,,,,,0.00512473750859499,0.0731000229716301,0.0,0.02586822211742401,0.0,0.0,0.0,0.0,0.09376229345798492,0.0002979978473844147,,,
947,True,,0.013845049776136875,0.023184729740023613,,0.0,,,,,,0.005316621623933315,0.07762110978364944,0.0,0.02715563029050827,0.0,0.0,0.0,0.0,0.12609857320785522,0.00029764250969945255,,,
948,True,,0.009630825370550156,0.018579449504613876,,0.0,,,,,,0.0031726849265396595,0.05693504214286804,0.0,0.018682807683944702,0.0,0.0,0.0,0.0,0.13184821605682373,0.0002972871149543773,,,
949,True,,0.010408144444227219,0.023030059412121773,,0.0,,,,,,0.0024378157686442137,0.07346506416797638,0.0,0.020422767847776413,0.0,0.0,0.0,0.0,0.102456234395504,0.0002969316640447992,,,
950,True,,0.00902617909014225,0.020730283111333847,,0.0,,,,,,0.002859151689335704,0.056779295206069946,0.0,0.017770562320947647,0.0,0.0,0.0,0.0,0.06920848041772842,0.00029657615786647006,,,
951,True,,0.0119291041046381,0.02205079421401024,,0.0,,,,,,0.004099992569535971,0.07157626748085022,0.0,0.023407232016324997,0.0,0.0,0.0,0.0,0.11610742658376694,0.000296220597315281,,,
952,True,,0.013434370048344135,0.03042590618133545,,0.0,,,,,,0.0056925988756120205,0.06934413313865662,0.0,0.02636564150452614,0.0,0.0,0.0,0.0,0.12532448768615723,0.00029586498328726017,,,
953,True,,0.017641764134168625,0.025379128754138947,,0.0,,,,,,0.007882330566644669,0.09164906293153763,0.0,0.03494279086589813,0.0,0.0,0.0,0.0,0.08506216108798981,0.00029550931667857036,,,
954,True,,0.007397627457976341,0.015664849430322647,,0.0,,,,,,0.001515734358690679,0.051610782742500305,0.0,0.014231088571250439,0.0,0.0,0.0,0.0,0.18078207969665527,0.00029515359838550693,,,
955,True,,0.013572625815868378,0.0205533467233181,,0.0,,,,,,0.005978286266326904,0.07077707350254059,0.0,0.0268341526389122,0.0,0.0,0.0,0.0,0.0762326717376709,0.0002947978293044956,,,
956,True,,0.01090747769922018,0.02873903512954712,,0.0,,,,,,0.003853424219414592,0.06346306204795837,0.0,0.021394599229097366,0.0,0.0,0.0,0.0,0.10204946994781494,0.00029444201033209007,,,
957,True,,0.007386075798422098,0.017596419900655746,,0.0,,,,,,0.0015213562874123454,0.05232352018356323,0.0,0.01431574858725071,0.0,0.0,0.0,0.0,0.11139413714408875,0.00029408614236496947,,,
958,True,,0.009360358119010925,0.022059984505176544,,0.0,,,,,,0.002994028851389885,0.05674688518047333,0.0,0.018249675631523132,0.0,0.0,0.0,0.0,0.12664306163787842,0.00029373022629993677,,,
959,True,,0.012044320814311504,0.02532646618783474,,0.0,,,,,,0.004404114559292793,0.06989975273609161,0.0,0.023691676557064056,0.0,0.0,0.0,0.0,0.08226113766431808,0.00029337426303391594,,,
960,True,,0.00798740889877081,0.015787845477461815,,0.0,,,,,,0.0025480634067207575,0.04803697392344475,0.0,0.015497047454118729,0.0,0.0,0.0,0.0,0.14909429848194122,0.00029301825346395,,,
961,True,,0.01359463483095169,0.024929314851760864,,0.0,,,,,,0.004811357706785202,0.07916027307510376,0.0,0.02657131291925907,0.0,0.0,0.0,0.0,0.07827430963516235,0.0002926621984871986,,,
962,True,,0.009207974188029766,0.019478952512145042,,0.0,,,,,,0.0031240857206285,0.05465780943632126,0.0,0.01799263060092926,0.0,0.0,0.0,0.0,0.16590812802314758,0.00029230609900093575,,,
963,True,,0.009053431451320648,0.01806165650486946,,0.0,,,,,,0.0031916997395455837,0.05255584418773651,0.0,0.017681332305073738,0.0,0.0,0.0,0.0,0.141986683011055,0.0002919499559025478,,,
964,True,,0.014948043040931225,0.022442404180765152,,0.0,,,,,,0.006646372377872467,0.07888446748256683,0.0,0.02970728650689125,0.0,0.0,0.0,0.0,0.07152590155601501,0.00029159377008953087,,,
965,True,,0.009357570670545101,0.018968090415000916,,0.0,,,,,,0.0036187106743454933,0.052212972193956375,0.0,0.018387258052825928,0.0,0.0,0.0,0.0,0.07049307227134705,0.0002912375424594887,,,
966,True,,0.009464511647820473,0.02152073197066784,,0.0,,,,,,0.002585813868790865,0.06290457397699356,0.0,0.01855599135160446,0.0,0.0,0.0,0.0,0.11530212312936783,0.0002908812739101306,,,
967,True,,0.010921125300228596,0.026964152231812477,,0.0,,,,,,0.0034820649307221174,0.06741803139448166,0.0,0.021414633840322495,0.0,0.0,0.0,0.0,0.061718787997961044,0.0002905249653392687,,,
968,True,,0.015742942690849304,0.026571007445454597,,0.0,,,,,,0.005999330431222916,0.0886106789112091,0.0,0.030869051814079285,0.0,0.0,0.0,0.0,0.13699422776699066,0.0002901686176448163,,,
969,True,,0.009882507845759392,0.02931026741862297,,0.0,,,,,,0.003338686190545559,0.058099839836359024,0.0,0.019324280321598053,0.0,0.0,0.0,0.0,0.056350719183683395,0.0002898122317247852,,,
970,True,,0.012673590332269669,0.02715684287250042,,0.0,,,,,,0.004382646642625332,0.07388144731521606,0.0,0.024715948849916458,0.0,0.0,0.0,0.0,0.16959865391254425,0.0002894558084772833,,,
971,True,,0.008409923873841763,0.021354982629418373,,0.0,,,,,,0.0025896113365888596,0.051843542605638504,0.0,0.016397438943386078,0.0,0.0,0.0,0.0,0.09071034938097,0.00028909934880051285,,,
972,True,,0.010030810721218586,0.01803891360759735,,0.0,,,,,,0.003681437810882926,0.05864325538277626,0.0,0.01975696161389351,0.0,0.0,0.0,0.0,0.08562647551298141,0.0002887428535927678,,,
973,True,,0.010241280309855938,0.01785876601934433,,0.0,,,,,,0.0038877520710229874,0.05784127116203308,0.0,0.020091747865080833,0.0,0.0,0.0,0.0,0.06389518827199936,0.0002883863237524316,,,
974,True,,0.01441727951169014,0.028740188106894493,,0.0,,,,,,0.005090863909572363,0.08698232471942902,0.0,0.02849377691745758,0.0,0.0,0.0,0.0,0.09420345723628998,0.00028802976017797507,,,
975,True,,0.007855027914047241,0.01853884756565094,,0.0,,,,,,0.0016539412317797542,0.05713373422622681,0.0,0.015407731756567955,0.0,0.0,0.0,0.0,0.11639627814292908,0.00028767316376795396,,,
976,True,,0.012096439488232136,0.028536761179566383,,0.0,,,,,,0.004363837651908398,0.06893208622932434,0.0,0.023638853803277016,0.0,0.0,0.0,0.0,0.0974506288766861,0.0002873165354210067,,,
977,True,,0.008741959929466248,0.01981128379702568,,0.0,,,,,,0.0023694955743849277,0.05543994903564453,0.0,0.016853563487529755,0.0,0.0,0.0,0.0,0.13820819556713104,0.0002869598760358526,,,
978,True,,0.015476764179766178,0.026379944756627083,,0.0,,,,,,0.007191721349954605,0.07601652294397354,0.0,0.030533935874700546,0.0,0.0,0.0,0.0,0.07939739525318146,0.00028660318651128853,,,
979,True,,0.011145386844873428,0.028770722448825836,,0.0,,,,,,0.003751363605260849,0.06685900688171387,0.0,0.021870359778404236,0.0,0.0,0.0,0.0,0.20332194864749908,0.0002862464677461878,,,
980,True,,0.011246803216636181,0.020554177463054657,,0.0,,,,,,0.004569148179143667,0.06057729572057724,0.0,0.0220792219042778,0.0,0.0,0.0,0.0,0.11926262080669403,0.0002858897206394973,,,
981,True,,0.013360942713916302,0.027695847675204277,,0.0,,,,,,0.0041010817512869835,0.0846589207649231,0.0,0.026204876601696014,0.0,0.0,0.0,0.0,0.21207119524478912,0.00028553294609023525,,,
982,True,,0.01087159849703312,0.019362643361091614,,0.0,,,,,,0.003687411081045866,0.06268637627363205,0.0,0.021021272987127304,0.0,0.0,0.0,0.0,0.16153496503829956,0.00028517614499748916,,,
983,True,,0.009964591823518276,0.017369287088513374,,0.0,,,,,,0.0031992015428841114,0.06177297234535217,0.0,0.0195147842168808,0.0,0.0,0.0,0.0,0.12361837178468704,0.0002848193182604134,,,
984,True,,0.006197189912199974,0.026269298046827316,,0.0,,,,,,0.0015637949109077454,0.0364556685090065,0.0,0.01166924461722374,0.0,0.0,0.0,0.0,0.2101844698190689,0.00028446246677822683,,,
985,True,,0.010106590576469898,0.021838590502738953,,0.0,,,,,,0.00348625797778368,0.05960347130894661,0.0,0.019771581515669823,0.0,0.0,0.0,0.0,0.060570087283849716,0.0002841055914502108,,,
986,True,,0.011309643276035786,0.023080430924892426,,0.0,,,,,,0.004006735980510712,0.06572474539279938,0.0,0.022119658067822456,0.0,0.0,0.0,0.0,0.08753945678472519,0.00028374869317570673,,,
987,True,,0.00757044879719615,0.018728280439972878,,0.0,,,,,,0.0022098540794104338,0.04871959611773491,0.0,0.01483954582363367,0.0,0.0,0.0,0.0,0.08681861311197281,0.00028339177285411385,,,
988,True,,0.00818201806396246,0.01863023452460766,,0.0,,,,,,0.0016717023681849241,0.05911102518439293,0.0,0.0159511249512434,0.0,0.0,0.0,0.0,0.10181719809770584,0.000283034831384887,,,
989,True,,0.007164856884628534,0.022293897345662117,,0.0,,,,,,0.0019770083017647266,0.04687243700027466,0.0,0.014052048325538635,0.0,0.0,0.0,0.0,0.10456312447786331,0.00028267786966753417,,,
990,True,,0.009932001121342182,0.019626356661319733,,0.0,,,,,,0.0030916985124349594,0.0624842494726181,0.0,0.019468389451503754,0.0,0.0,0.0,0.0,0.0804741308093071,0.0002823208886016145,,,
991,True,,0.013981389813125134,0.02738127112388611,,0.0,,,,,,0.004903008695691824,0.08454666286706924,0.0,0.027612876147031784,0.0,0.0,0.0,0.0,0.10823388397693634,0.00028196388908673597,,,
992,True,,0.011005746200680733,0.022073950618505478,,0.0,,,,,,0.0038520973175764084,0.06533771753311157,0.0,0.02161235362291336,0.0,0.0,0.0,0.0,0.11341676115989685,0.00028160687202255285,,,
993,True,,0.011031577363610268,0.021279551088809967,,0.0,,,,,,0.002308846451342106,0.07977119088172913,0.0,0.021530337631702423,0.0,0.0,0.0,0.0,0.09192688763141632,0.0002812498383087638,,,
994,True,,0.009961112402379513,0.019027624279260635,,0.0,,,,,,0.0038746288046240807,0.055403195321559906,0.0,0.019566338509321213,0.0,0.0,0.0,0.0,0.08069896697998047,0.0002808927888451092,,,
995,True,,0.013568593189120293,0.028146017342805862,,0.0,,,,,,0.0060474928468465805,0.06630046665668488,0.0,0.026527592912316322,0.0,0.0,0.0,0.0,0.14434051513671875,0.00028053572453136947,,,
996,True,,0.01046837493777275,0.018210049718618393,,0.0,,,,,,0.003340631490573287,0.06524074077606201,0.0,0.020515181124210358,0.0,0.0,0.0,0.0,0.10440991073846817,0.00028017864626736223,,,
997,True,,0.01042032241821289,0.020561715587973595,,0.0,,,,,,0.0037408273201435804,0.05984264239668846,0.0,0.02035103179514408,0.0,0.0,0.0,0.0,0.05376990884542465,0.0002798215549529402,,,
998,True,,0.009590608067810535,0.019383102655410767,,0.0,,,,,,0.0033727185800671577,0.05498459190130234,0.0,0.01865561679005623,0.0,0.0,0.0,0.0,0.1008293628692627,0.0002794644514879893,,,
999,True,,0.010726753622293472,0.022724438458681107,,0.0,,,,,,0.003287366358563304,0.06576716899871826,0.0,0.020818080753087997,0.0,0.0,0.0,0.0,0.1418057084083557,0.0002791073367724256,,,
1000,True,,0.01575407199561596,0.028318170458078384,,0.0,,,,,,0.007471762597560883,0.07617184519767761,0.0,0.031126201152801514,0.0,0.0,0.0,0.0,0.06825559586286545,0.00027875021170619383,0.026303693240582623,0.0032326009446116888,0.04436890081811762
1001,True,,0.00903999526053667,0.01904210075736046,,0.0,,,,,,0.0032959971576929092,0.051116615533828735,0.0,0.017638076096773148,0.0,0.0,0.0,0.0,0.14763322472572327,0.00027839307718926495,,,
1002,True,,0.00785077828913927,0.02293323166668415,,0.0,,,,,,0.0020233020186424255,0.05184672027826309,0.0,0.015288084745407104,0.0,0.0,0.0,0.0,0.08726377040147781,0.00027803593412163333,,,
1003,True,,0.012584171257913113,0.024392765015363693,,0.0,,,,,,0.004646324552595615,0.07257413864135742,0.0,0.024731837213039398,0.0,0.0,0.0,0.0,0.08496986329555511,0.00027767878340331515,,,
1004,True,,0.007530575152486563,0.022519944235682487,,0.0,,,,,,0.001928127370774746,0.05018220096826553,0.0,0.014702122658491135,0.0,0.0,0.0,0.0,0.07605002075433731,0.0002773216259343459,,,
1005,True,,0.013120587915182114,0.02473023347556591,,0.0,,,,,,0.005842568352818489,0.06783958524465561,0.0,0.02599441632628441,0.0,0.0,0.0,0.0,0.07664204388856888,0.0002769644626147778,,,
1006,True,,0.014626245945692062,0.029051044955849648,,0.0,,,,,,0.006396380718797445,0.07539606094360352,0.0,0.028852742165327072,0.0,0.0,0.0,0.0,0.04546099156141281,0.0002766072943446783,,,
1007,True,,0.012181530706584454,0.02116391249001026,,0.0,,,,,,0.004745804239064455,0.06770853698253632,0.0,0.023909829556941986,0.0,0.0,0.0,0.0,0.08748830854892731,0.0002762501220241267,,,
1008,True,,0.009112036786973476,0.022698204964399338,,0.0,,,,,,0.003153811674565077,0.05104801058769226,0.0,0.017597630620002747,0.0,0.0,0.0,0.0,0.09685755521059036,0.00027589294655321306,,,
1009,True,,0.011327199637889862,0.017990097403526306,,0.0,,,,,,0.004450303502380848,0.062243081629276276,0.0,0.022181712090969086,0.0,0.0,0.0,0.0,0.11979614943265915,0.0002755357688320352,,,
1010,True,,0.009603732265532017,0.019282501190900803,,0.0,,,,,,0.003232494695112109,0.058473940938711166,0.0,0.018876444548368454,0.0,0.0,0.0,0.0,0.0652402862906456,0.00027517858976069644,,,
1011,True,,0.0073598697781562805,0.019520487636327744,,0.0,,,,,,0.002411819528788328,0.04616650938987732,0.0,0.014583544805645943,0.0,0.0,0.0,0.0,0.05045347660779953,0.0002748214102393037,,,
1012,True,,0.020687445998191833,0.02853023260831833,,0.0,,,,,,0.011575289070606232,0.08620266616344452,0.0,0.04116830229759216,0.0,0.0,0.0,0.0,0.14458240568637848,0.00027446423116796485,,,
1013,True,,0.010613071732223034,0.02228279784321785,,0.0,,,,,,0.00379881146363914,0.06186269223690033,0.0,0.02082098089158535,0.0,0.0,0.0,0.0,0.10479847341775894,0.0002741070534467869,,,
1014,True,,0.008887291885912418,0.018692536279559135,,0.0,,,,,,0.002877732738852501,0.053986985236406326,0.0,0.01735064759850502,0.0,0.0,0.0,0.0,0.05994011461734772,0.00027374987797587337,,,
1015,True,,0.011358763091266155,0.022814353927969933,,0.0,,,,,,0.0037855179980397224,0.06921958923339844,0.0,0.022294383496046066,0.0,0.0,0.0,0.0,0.1049266830086708,0.0002733927056553219,,,
1016,True,,0.013089830055832863,0.0208574291318655,,0.0,,,,,,0.005652998574078083,0.06778086721897125,0.0,0.02572948858141899,0.0,0.0,0.0,0.0,0.0687481164932251,0.00027303553738522224,,,
1017,True,,0.008269188925623894,0.014424510300159454,,0.0,,,,,,0.0025329238269478083,0.051964759826660156,0.0,0.0161428339779377,0.0,0.0,0.0,0.0,0.06747762858867645,0.00027267837406565415,,,
1018,True,,0.011003774590790272,0.018692774698138237,,0.0,,,,,,0.004682465456426144,0.05674450844526291,0.0,0.021547619253396988,0.0,0.0,0.0,0.0,0.09519998729228973,0.0002723212165966848,,,
1019,True,,0.008383220992982388,0.01679302752017975,,0.0,,,,,,0.0028756503015756607,0.051122795790433884,0.0,0.016539081931114197,0.0,0.0,0.0,0.0,0.0717305988073349,0.00027196406587836675,,,
1020,True,,0.012474440969526768,0.01952883042395115,,0.0,,,,,,0.0047943140380084515,0.07156392931938171,0.0,0.024620436131954193,0.0,0.0,0.0,0.0,0.07261974364519119,0.00027160692281073514,,,
1021,True,,0.013350971043109894,0.0260995514690876,,0.0,,,,,,0.005034434609115124,0.07752598822116852,0.0,0.026398999616503716,0.0,0.0,0.0,0.0,0.11062116175889969,0.0002712497882938062,,,
1022,True,,0.00945265218615532,0.017755985260009766,,0.0,,,,,,0.0029409872367978096,0.06023655831813812,0.0,0.018594853579998016,0.0,0.0,0.0,0.0,0.062176164239645004,0.00027089266322757443,,,
1023,True,,0.00992653239518404,0.017423003911972046,,0.0,,,,,,0.0035119790118187666,0.05933380499482155,0.0,0.01954612135887146,0.0,0.0,0.0,0.0,0.08763132244348526,0.00027053554851201085,,,
1024,True,,0.014196950942277908,0.025924041867256165,,0.0,,,,,,0.006796129047870636,0.06649351865053177,0.0,0.027901671826839447,0.0,0.0,0.0,0.0,0.046359576284885406,0.0002701784450470598,,,
1025,True,,0.013388519175350666,0.024900738149881363,,0.0,,,,,,0.006035643629729748,0.06810864806175232,0.0,0.026484034955501556,0.0,0.0,0.0,0.0,0.08455239981412888,0.00026982135373263786,,,
1026,True,,0.0074732485227286816,0.02402009814977646,,0.0,,,,,,0.0021070654038339853,0.048812903463840485,0.0,0.014701806008815765,0.0,0.0,0.0,0.0,0.07864458113908768,0.0002694642754686305,,,
1027,True,,0.010682838037610054,0.021482104435563087,,0.0,,,,,,0.003929846920073032,0.06171340495347977,0.0,0.020998846739530563,0.0,0.0,0.0,0.0,0.06049242243170738,0.00026910721115489086,,,
1028,True,,0.012229781597852707,0.0177280493080616,,0.0,,,,,,0.005328445695340633,0.06091427057981491,0.0,0.02382693439722061,0.0,0.0,0.0,0.0,0.05726763978600502,0.0002687501616912363,,,
1029,True,,0.007584528066217899,0.021458901464939117,,0.0,,,,,,0.002126903273165226,0.049138087779283524,0.0,0.014839828945696354,0.0,0.0,0.0,0.0,0.05745061859488487,0.0002683931279774471,,,
1030,True,,0.01131534855812788,0.02090630680322647,,0.0,,,,,,0.004787202924489975,0.058877505362033844,0.0,0.022199366241693497,0.0,0.0,0.0,0.0,0.18295398354530334,0.00026803611091326407,,,
1031,True,,0.007434509694576263,0.0205996073782444,,0.0,,,,,,0.0024941805750131607,0.0436955988407135,0.0,0.014504246413707733,0.0,0.0,0.0,0.0,0.05172227695584297,0.0002676791113983855,,,
1032,True,,0.009964164346456528,0.01995651237666607,,0.0,,,,,,0.0032469637226313353,0.06132638826966286,0.0,0.019543331116437912,0.0,0.0,0.0,0.0,0.09511367976665497,0.00026732213033246586,,,
1033,True,,0.00835631787776947,0.017550043761730194,,0.0,,,,,,0.0028433091938495636,0.04969985783100128,0.0,0.016345113515853882,0.0,0.0,0.0,0.0,0.14357686042785645,0.00026696516861511306,,,
1034,True,,0.010716370306909084,0.023854121565818787,,0.0,,,,,,0.0033778268843889236,0.06708807498216629,0.0,0.021041546016931534,0.0,0.0,0.0,0.0,0.07104898989200592,0.00026660822714588624,,,
1035,True,,0.012302979826927185,0.020825762301683426,,0.0,,,,,,0.004917127545922995,0.06799183040857315,0.0,0.024227548390626907,0.0,0.0,0.0,0.0,0.06436076760292053,0.0002662513068242933,,,
1036,True,,0.009081074967980385,0.023982185870409012,,0.0,,,,,,0.003247431479394436,0.05327431112527847,0.0,0.017895758152008057,0.0,0.0,0.0,0.0,0.06769776344299316,0.00026589440854978924,,,
1037,True,,0.015078285709023476,0.02156687155365944,,0.0,,,,,,0.0069197299890220165,0.075737863779068,0.0,0.029787471517920494,0.0,0.0,0.0,0.0,0.09319109469652176,0.0002655375332217732,,,
1038,True,,0.011165631003677845,0.023709766566753387,,0.0,,,,,,0.0037513019051402807,0.06735260039567947,0.0,0.02188929170370102,0.0,0.0,0.0,0.0,0.19461587071418762,0.0002651806817395867,,,
1039,True,,0.005515688564628363,0.018583374097943306,,0.0,,,,,,0.0010461799101904035,0.03954590484499931,0.0,0.010702293366193771,0.0,0.0,0.0,0.0,0.08075329661369324,0.00026482385500251087,,,
1040,True,,0.009806938469409943,0.021133683621883392,,0.0,,,,,,0.0033665262162685394,0.05927291885018349,0.0,0.019312094897031784,0.0,0.0,0.0,0.0,0.07960133999586105,0.00026446705390976484,,,
1041,True,,0.012024752795696259,0.02368859201669693,,0.0,,,,,,0.004396133124828339,0.07080492377281189,0.0,0.02373826503753662,0.0,0.0,0.0,0.0,0.07366634905338287,0.0002641102793605028,,,
1042,True,,0.006410772912204266,0.021345093846321106,,0.0,,,,,,0.0018102366011589766,0.04052197188138962,0.0,0.012486657127737999,0.0,0.0,0.0,0.0,0.15720997750759125,0.00026375353225381235,,,
1043,True,,0.007109350059181452,0.01901368796825409,,0.0,,,,,,0.002321789273992181,0.04316728189587593,0.0,0.013938004150986671,0.0,0.0,0.0,0.0,0.08678560703992844,0.0002633968134887116,,,
1044,True,,0.006525916513055563,0.01367990393191576,,0.0,,,,,,0.001784582040272653,0.04223117232322693,0.0,0.01267041452229023,0.0,0.0,0.0,0.0,0.12445516139268875,0.0002630401239641475,,,
1045,True,,0.008911310695111752,0.019198201596736908,,0.0,,,,,,0.003663218580186367,0.046904969960451126,0.0,0.017457008361816406,0.0,0.0,0.0,0.0,0.06055167689919472,0.0002626834645789932,,,
1046,True,,0.008758037351071835,0.020164599642157555,,0.0,,,,,,0.0031844452023506165,0.04918552190065384,0.0,0.017062682658433914,0.0,0.0,0.0,0.0,0.09146498143672943,0.00026232683623204613,,,
1047,True,,0.011587177403271198,0.017686275765299797,,0.0,,,,,,0.004117533098906279,0.06926251947879791,0.0,0.022807825356721878,0.0,0.0,0.0,0.0,0.08985139429569244,0.000261970239822025,,,
1048,True,,0.010781524702906609,0.02261233702301979,,0.0,,,,,,0.0043938132002949715,0.05653590336441994,0.0,0.021055052056908607,0.0,0.0,0.0,0.0,0.259363055229187,0.0002616136762475684,,,
1049,True,,0.010753292590379715,0.024315588176250458,,0.0,,,,,,0.0035281542222946882,0.06641099601984024,0.0,0.021165702491998672,0.0,0.0,0.0,0.0,0.11883433163166046,0.00026125714640723224,,,
1050,True,,0.007661463692784309,0.023883309215307236,,0.0,,,,,,0.0023687249049544334,0.04664382338523865,0.0,0.014933403581380844,0.0,0.0,0.0,0.0,0.21826550364494324,0.00026090065119948724,,,
1051,True,,0.010712655261158943,0.024399731308221817,,0.0,,,,,,0.003959148656576872,0.06030683219432831,0.0,0.020946484059095383,0.0,0.0,0.0,0.0,0.10395489633083344,0.00026054419152271677,,,
1052,True,,0.013509363867342472,0.025690488517284393,,0.0,,,,,,0.00655090156942606,0.062198273837566376,0.0,0.02653699740767479,0.0,0.0,0.0,0.0,0.11793568730354309,0.0002601877682752148,,,
1053,True,,0.011703874915838242,0.022561321035027504,,0.0,,,,,,0.004933755844831467,0.06011051684617996,0.0,0.022874295711517334,0.0,0.0,0.0,0.0,0.10380370169878006,0.0002598313823551837,,,
1054,True,,0.010340861976146698,0.019534580409526825,,0.0,,,,,,0.00354611873626709,0.06256778538227081,0.0,0.020339105278253555,0.0,0.0,0.0,0.0,0.09436627477407455,0.0002594750346607314,,,
1055,True,,0.013249966315925121,0.019706308841705322,,0.0,,,,,,0.005369921680539846,0.0726890116930008,0.0,0.026085853576660156,0.0,0.0,0.0,0.0,0.09714832156896591,0.00025911872608986946,,,
1056,True,,0.007188570685684681,0.01718868315219879,,0.0,,,,,,0.0027006794698536396,0.03928098827600479,0.0,0.013989236205816269,0.0,0.0,0.0,0.0,0.05994018539786339,0.0002587624575405113,,,
1057,True,,0.00918315164744854,0.022240091115236282,,0.0,,,,,,0.0037764522712677717,0.04912980645895004,0.0,0.0180949866771698,0.0,0.0,0.0,0.0,0.07757309079170227,0.00025840622991046917,,,
1058,True,,0.010425950400531292,0.016479037702083588,,0.0,,,,,,0.004054972901940346,0.05803929269313812,0.0,0.020449642091989517,0.0,0.0,0.0,0.0,0.08693884313106537,0.0002580500440974523,,,
1059,True,,0.008048290386795998,0.021854674443602562,,0.0,,,,,,0.0021889153867959976,0.05189529061317444,0.0,0.015645282343029976,0.0,0.0,0.0,0.0,0.06456110626459122,0.00025769390099906434,,,
1060,True,,0.009260670281946659,0.016499297693371773,,0.0,,,,,,0.0037450790405273438,0.04910515621304512,0.0,0.018081258982419968,0.0,0.0,0.0,0.0,0.08318886905908585,0.00025733780151280145,,,
1061,True,,0.009984144940972328,0.02187434583902359,,0.0,,,,,,0.0036974770482629538,0.056952204555273056,0.0,0.019595585763454437,0.0,0.0,0.0,0.0,0.09886816143989563,0.00025698174653605,,,
1062,True,,0.009383599273860455,0.021045120432972908,,0.0,,,,,,0.003525023814290762,0.0529601126909256,0.0,0.018415085971355438,0.0,0.0,0.0,0.0,0.067701555788517,0.00025662573696608404,,,
1063,True,,0.009616091847419739,0.020234480500221252,,0.0,,,,,,0.0026650286745280027,0.06426063179969788,0.0,0.018909528851509094,0.0,0.0,0.0,0.0,0.06608510762453079,0.00025626977370006327,,,
1064,True,,0.007971949875354767,0.01870681159198284,,0.0,,,,,,0.0028237365186214447,0.04675067961215973,0.0,0.015657823532819748,0.0,0.0,0.0,0.0,0.05812506377696991,0.0002559138576350305,,,
1065,True,,0.011915464885532856,0.02024787664413452,,0.0,,,,,,0.005265834741294384,0.06161366030573845,0.0,0.023545145988464355,0.0,0.0,0.0,0.0,0.11681274324655533,0.0002555579896679101,,,
1066,True,,0.007965137250721455,0.01905152201652527,,0.0,,,,,,0.0026162643916904926,0.04839135706424713,0.0,0.015611052513122559,0.0,0.0,0.0,0.0,0.1228954866528511,0.00025520217069550444,,,
1067,True,,0.006153327878564596,0.016798410564661026,,0.0,,,,,,0.0015568023081868887,0.04041353985667229,0.0,0.011919468641281128,0.0,0.0,0.0,0.0,0.11893969029188156,0.0002548464016144931,,,
1068,True,,0.007313409820199013,0.019905291497707367,,0.0,,,,,,0.0025090910494327545,0.0439068004488945,0.0,0.014412233605980873,0.0,0.0,0.0,0.0,0.15225788950920105,0.0002544906833214297,,,
1069,True,,0.012871640734374523,0.02378907985985279,,0.0,,,,,,0.004224659875035286,0.07885614037513733,0.0,0.025219805538654327,0.0,0.0,0.0,0.0,0.12760497629642487,0.00025413501671274,,,
1070,True,,0.011627931147813797,0.02502574771642685,,0.0,,,,,,0.004094861447811127,0.06891322135925293,0.0,0.02286437153816223,0.0,0.0,0.0,0.0,0.09236440062522888,0.00025377940268471905,,,
1071,True,,0.008324750699102879,0.020095525309443474,,0.0,,,,,,0.002241137670353055,0.052138976752758026,0.0,0.015980741009116173,0.0,0.0,0.0,0.0,0.18727217614650726,0.00025342384213353,,,
1072,True,,0.014547198079526424,0.028223644942045212,,0.0,,,,,,0.007083237171173096,0.06807171553373337,0.0,0.028719842433929443,0.0,0.0,0.0,0.0,0.08961492031812668,0.00025306833595520084,,,
1073,True,,0.010791275650262833,0.020606322214007378,,0.0,,,,,,0.004308009520173073,0.05792440474033356,0.0,0.021097790449857712,0.0,0.0,0.0,0.0,0.07947689294815063,0.00025271288504562277,,,
1074,True,,0.010676790028810501,0.020521223545074463,,0.0,,,,,,0.004283457063138485,0.05524027720093727,0.0,0.02068948745727539,0.0,0.0,0.0,0.0,0.07707242667675018,0.0002523574903005475,,,
1075,True,,0.009966107085347176,0.01646222174167633,,0.0,,,,,,0.003803716506808996,0.05381426587700844,0.0,0.019315872341394424,0.0,0.0,0.0,0.0,0.11750110983848572,0.00025200215261558535,,,
1076,True,,0.01093303319066763,0.0233201552182436,,0.0,,,,,,0.0039979275315999985,0.06263576447963715,0.0,0.021427739411592484,0.0,0.0,0.0,0.0,0.10883059352636337,0.00025164687288620267,,,
1077,True,,0.010694995522499084,0.024244707077741623,,0.0,,,,,,0.004239642061293125,0.055495865643024445,0.0,0.020726671442389488,0.0,0.0,0.0,0.0,0.09035737067461014,0.00025129165200772017,,,
1078,True,,0.01074442733079195,0.018934814259409904,,0.0,,,,,,0.0037079709582030773,0.06308373808860779,0.0,0.02095011994242668,0.0,0.0,0.0,0.0,0.07767502963542938,0.0002509364908753098,,,
1079,True,,0.007798213046044111,0.015478789806365967,,0.0,,,,,,0.002765374258160591,0.044599514454603195,0.0,0.015178326517343521,0.0,0.0,0.0,0.0,0.07308885455131531,0.0002505813903839931,,,
1080,True,,0.011596915312111378,0.01925737038254738,,0.0,,,,,,0.0046628862619400024,0.06276112794876099,0.0,0.022728487849235535,0.0,0.0,0.0,0.0,0.13884569704532623,0.00025022635142863883,,,
1081,True,,0.009941710159182549,0.022895582020282745,,0.0,,,,,,0.0037917387671768665,0.054798439145088196,0.0,0.019442249089479446,0.0,0.0,0.0,0.0,0.07994059473276138,0.0002498713749039608,,,
1082,True,,0.0061194999143481255,0.016003796830773354,,0.0,,,,,,0.001741953892633319,0.039205584675073624,0.0,0.011942049488425255,0.0,0.0,0.0,0.0,0.06228892505168915,0.00024951646170451503,,,
1083,True,,0.009166196919977665,0.018336430191993713,,0.0,,,,,,0.003694124985486269,0.04873654991388321,0.0,0.017917342483997345,0.0,0.0,0.0,0.0,0.04514160752296448,0.00024916161272469864,,,
1084,True,,0.008161154575645924,0.016435926780104637,,0.0,,,,,,0.002924565691500902,0.04824993759393692,0.0,0.016075072810053825,0.0,0.0,0.0,0.0,0.05718432739377022,0.00024880682885874636,,,
1085,True,,0.011156778782606125,0.024575859308242798,,0.0,,,,,,0.0048512606881558895,0.056227605789899826,0.0,0.021876558661460876,0.0,0.0,0.0,0.0,0.10305463522672653,0.0002484521110007291,,,
1086,True,,0.007370771374553442,0.014620916917920113,,0.0,,,,,,0.00225794012658298,0.045591238886117935,0.0,0.014334045350551605,0.0,0.0,0.0,0.0,0.10746204107999802,0.00024809746004455125,,,
1087,True,,0.011415787041187286,0.018184877932071686,,0.0,,,,,,0.004596661310642958,0.0638800859451294,0.0,0.02258230745792389,0.0,0.0,0.0,0.0,0.0665871873497963,0.00024774287688394877,,,
1088,True,,0.0104789137840271,0.01971524953842163,,0.0,,,,,,0.004008963238447905,0.05883505195379257,0.0,0.02056853473186493,0.0,0.0,0.0,0.0,0.07569939643144608,0.0002473883624124867,,,
1089,True,,0.008224626071751118,0.0202094204723835,,0.0,,,,,,0.003562711179256439,0.04028817266225815,0.0,0.016018249094486237,0.0,0.0,0.0,0.0,0.08460704237222672,0.00024703391752355704,,,
1090,True,,0.011702768504619598,0.019712701439857483,,0.0,,,,,,0.004837661515921354,0.06209931522607803,0.0,0.022947490215301514,0.0,0.0,0.0,0.0,0.12073162943124771,0.0002466795431103763,,,
1091,True,,0.014805950224399567,0.022320175543427467,,0.0,,,,,,0.006761748343706131,0.07275910675525665,0.0,0.029066812247037888,0.0,0.0,0.0,0.0,0.0919710323214531,0.0002463252400659835,,,
1092,True,,0.0099954167380929,0.019544467329978943,,0.0,,,,,,0.0033852464985102415,0.059940170496702194,0.0,0.0195701252669096,0.0,0.0,0.0,0.0,0.14222462475299835,0.0002459710092832378,,,
1093,True,,0.011461355723440647,0.021676238626241684,,0.0,,,,,,0.005192801356315613,0.057034656405448914,0.0,0.02257438562810421,0.0,0.0,0.0,0.0,0.05768822506070137,0.0002456168516548163,,,
1094,True,,0.01490115188062191,0.020289301872253418,,0.0,,,,,,0.006832476239651442,0.07527180761098862,0.0,0.02946370095014572,0.0,0.0,0.0,0.0,0.07582558691501617,0.00024526276807321164,,,
1095,True,,0.013834421522915363,0.023793475702404976,,0.0,,,,,,0.00573407206684351,0.07506745308637619,0.0,0.027313172817230225,0.0,0.0,0.0,0.0,0.0816018357872963,0.0002449087594307298,,,
1096,True,,0.009408622980117798,0.019229693338274956,,0.0,,,,,,0.0030707966070622206,0.05735866352915764,0.0,0.018407583236694336,0.0,0.0,0.0,0.0,0.08500130474567413,0.0002445548266194881,,,
1097,True,,0.006788372062146664,0.015860650688409805,,0.0,,,,,,0.002220962895080447,0.040866605937480927,0.0,0.013254601508378983,0.0,0.0,0.0,0.0,0.07225015759468079,0.0002442009705314127,,,
1098,True,,0.00966101884841919,0.018802348524332047,,0.0,,,,,,0.0037415106780827045,0.05329754203557968,0.0,0.018920306116342545,0.0,0.0,0.0,0.0,0.05499719828367233,0.00024384719205823642,,,
1099,True,,0.009830118156969547,0.019462017342448235,,0.0,,,,,,0.003054972505196929,0.06216970086097717,0.0,0.019296681508421898,0.0,0.0,0.0,0.0,0.12594828009605408,0.00024349349209149636,,,
1100,True,,0.012564766220748425,0.023970086127519608,,0.0,,,,,,0.0049987975507974625,0.0701378881931305,0.0,0.024817053228616714,0.0,0.0,0.0,0.0,0.09972956031560898,0.00024313987152253208,0.04009062971300068,0.011543050090238444,0.05457509757000971
1101,True,,0.010651914402842522,0.017509423196315765,,0.0,,,,,,0.0042520253919065,0.058692239224910736,0.0,0.02094825729727745,0.0,0.0,0.0,0.0,0.12214089184999466,0.00024278633124248257,,,
1102,True,,0.014133844524621964,0.019971929490566254,,0.0,,,,,,0.00609872629866004,0.07505558431148529,0.0,0.02793784812092781,0.0,0.0,0.0,0.0,0.07522986084222794,0.00024243287214228493,,,
1103,True,,0.008050314150750637,0.015420856885612011,,0.0,,,,,,0.002427242696285248,0.052466873079538345,0.0,0.015878453850746155,0.0,0.0,0.0,0.0,0.0685695931315422,0.00024207949511267153,,,
1104,True,,0.01591412164270878,0.02682608738541603,,0.0,,,,,,0.008712759241461754,0.06609292328357697,0.0,0.03150443360209465,0.0,0.0,0.0,0.0,0.1148899644613266,0.00024172620104416788,,,
1105,True,,0.007255759090185165,0.015262385830283165,,0.0,,,,,,0.0025348090566694736,0.042787760496139526,0.0,0.01422196812927723,0.0,0.0,0.0,0.0,0.10811649262905121,0.00024137299082709047,,,
1106,True,,0.009350847452878952,0.020498953759670258,,0.0,,,,,,0.003956334665417671,0.04749264940619469,0.0,0.018261436372995377,0.0,0.0,0.0,0.0,0.2694495618343353,0.00024101986535154447,,,
1107,True,,0.013207869604229927,0.022465474903583527,,0.0,,,,,,0.0065689366310834885,0.05995429679751396,0.0,0.025996889919042587,0.0,0.0,0.0,0.0,0.10487958043813705,0.00024066682550742154,,,
1108,True,,0.010731359012424946,0.018479956313967705,,0.0,,,,,,0.003626717021688819,0.06565792858600616,0.0,0.02110866829752922,0.0,0.0,0.0,0.0,0.17572535574436188,0.0002403138721843975,,,
1109,True,,0.011786074377596378,0.020416397601366043,,0.0,,,,,,0.005224290303885937,0.06115118786692619,0.0,0.02332964725792408,0.0,0.0,0.0,0.0,0.13629017770290375,0.00023996100627192996,,,
1110,True,,0.008897695690393448,0.021030567586421967,,0.0,,,,,,0.003707489464432001,0.04682110995054245,0.0,0.017497602850198746,0.0,0.0,0.0,0.0,0.11053571105003357,0.00023960822865925664,,,
1111,True,,0.011892593465745449,0.021618403494358063,,0.0,,,,,,0.0051100971177220345,0.0630614161491394,0.0,0.023525016382336617,0.0,0.0,0.0,0.0,0.05118344724178314,0.00023925554023539243,,,
1112,True,,0.009727575816214085,0.019111448898911476,,0.0,,,,,,0.004158135503530502,0.04882143437862396,0.0,0.01895897090435028,0.0,0.0,0.0,0.0,0.09014549851417542,0.00023890294188912777,,,
1113,True,,0.008975958451628685,0.02057945728302002,,0.0,,,,,,0.0028152891900390387,0.05578126013278961,0.0,0.01757516711950302,0.0,0.0,0.0,0.0,0.11237075924873352,0.00023855043450902546,,,
1114,True,,0.009824537672102451,0.018840432167053223,,0.0,,,,,,0.0038866805844008923,0.05179382860660553,0.0,0.01907900720834732,0.0,0.0,0.0,0.0,0.092335544526577,0.0002381980189834198,,,
1115,True,,0.00863781850785017,0.017600949853658676,,0.0,,,,,,0.0033389469608664513,0.04686633497476578,0.0,0.01683940924704075,0.0,0.0,0.0,0.0,0.05805101618170738,0.00023784569620041325,,,
1116,True,,0.012354070320725441,0.024859711527824402,,0.0,,,,,,0.005328471772372723,0.06482625007629395,0.0,0.024413764476776123,0.0,0.0,0.0,0.0,0.05224091559648514,0.0002374934670478746,,,
1117,True,,0.013093717396259308,0.02209291234612465,,0.0,,,,,,0.005860575940459967,0.06680114567279816,0.0,0.02585533633828163,0.0,0.0,0.0,0.0,0.09733867645263672,0.00023714133241343666,,,
1118,True,,0.011114242486655712,0.02144649252295494,,0.0,,,,,,0.004257145803421736,0.06414219737052917,0.0,0.02200007438659668,0.0,0.0,0.0,0.0,0.09185975790023804,0.0002367892931844941,,,
1119,True,,0.008033102378249168,0.01809280551970005,,0.0,,,,,,0.0025623186957091093,0.050375424325466156,0.0,0.01581389084458351,0.0,0.0,0.0,0.0,0.08500508219003677,0.00023643735024820111,,,
1120,True,,0.012912335805594921,0.018027689307928085,,0.0,,,,,,0.005597341805696487,0.06660496443510056,0.0,0.025350451469421387,0.0,0.0,0.0,0.0,0.10783914476633072,0.0002360855044914695,,,
1121,True,,0.011330077424645424,0.023080136626958847,,0.0,,,,,,0.004836922511458397,0.058226726949214935,0.0,0.022220473736524582,0.0,0.0,0.0,0.0,0.10166817158460617,0.0002357337568009656,,,
1122,True,,0.009864725172519684,0.021974964067339897,,0.0,,,,,,0.002878871513530612,0.06322498619556427,0.0,0.019285844638943672,0.0,0.0,0.0,0.0,0.09985855966806412,0.00023538210806310907,,,
1123,True,,0.008189816027879715,0.0153864286839962,,0.0,,,,,,0.0028333826921880245,0.048596858978271484,0.0,0.0160367488861084,0.0,0.0,0.0,0.0,0.11699721962213516,0.0002350305591640701,,,
1124,True,,0.00866569671779871,0.01796621084213257,,0.0,,,,,,0.0024956315755844116,0.0557495653629303,0.0,0.016915947198867798,0.0,0.0,0.0,0.0,0.11581507325172424,0.00023467911098976735,,,
1125,True,,0.00966933835297823,0.01743924431502819,,0.0,,,,,,0.0039953733794391155,0.05112767964601517,0.0,0.018951870501041412,0.0,0.0,0.0,0.0,0.060933586210012436,0.00023432776442586546,,,
1126,True,,0.0069649131037294865,0.019992347806692123,,0.0,,,,,,0.0020169788040220737,0.04390612989664078,0.0,0.01357242837548256,0.0,0.0,0.0,0.0,0.10054459422826767,0.00023397652035777312,,,
1127,True,,0.010073614306747913,0.019488893449306488,,0.0,,,,,,0.004302099347114563,0.05196509137749672,0.0,0.019767113029956818,0.0,0.0,0.0,0.0,0.09380354732275009,0.00023362537967064074,,,
1128,True,,0.01057618111371994,0.024154897779226303,,0.0,,,,,,0.0035927537828683853,0.06251589953899384,0.0,0.02066207304596901,0.0,0.0,0.0,0.0,0.11147013306617737,0.0002332743432493582,,,
1129,True,,0.018983852118253708,0.029856771230697632,,0.0,,,,,,0.009179512038826942,0.09038375318050385,0.0,0.03750030696392059,0.0,0.0,0.0,0.0,0.07685906440019608,0.0002329234119785526,,,
1130,True,,0.010465062223374844,0.017990386113524437,,0.0,,,,,,0.004354584030807018,0.0563306100666523,0.0,0.020632609724998474,0.0,0.0,0.0,0.0,0.05077541619539261,0.00023257258674258603,,,
1131,True,,0.013819804415106773,0.021718768402934074,,0.0,,,,,,0.006340808235108852,0.06935440003871918,0.0,0.027313239872455597,0.0,0.0,0.0,0.0,0.048003990203142166,0.00023222186842555343,,,
1132,True,,0.011048028245568275,0.015764672309160233,,0.0,,,,,,0.004545774310827255,0.059395261108875275,0.0,0.0216909758746624,0.0,0.0,0.0,0.0,0.08324846625328064,0.00023187125791128028,,,
1133,True,,0.009234648197889328,0.01760571077466011,,0.0,,,,,,0.0034220952074974775,0.05377025902271271,0.0,0.018209826201200485,0.0,0.0,0.0,0.0,0.08376891911029816,0.00023152075608332036,,,
1134,True,,0.008488439954817295,0.020836319774389267,,0.0,,,,,,0.0030387756414711475,0.048235565423965454,0.0,0.016559135168790817,0.0,0.0,0.0,0.0,0.09159985929727554,0.0002311703638249536,,,
1135,True,,0.008176225237548351,0.016170788556337357,,0.0,,,,,,0.0027167638763785362,0.05063910409808159,0.0,0.0161186084151268,0.0,0.0,0.0,0.0,0.08587711304426193,0.00023082008201918386,,,
1136,True,,0.010227430611848831,0.019237276166677475,,0.0,,,,,,0.0034345267340540886,0.06178680807352066,0.0,0.020033011212944984,0.0,0.0,0.0,0.0,0.10408058017492294,0.00023046991154873641,,,
1137,True,,0.008025407791137695,0.01616976410150528,,0.0,,,,,,0.003006645245477557,0.04522991180419922,0.0,0.01571674272418022,0.0,0.0,0.0,0.0,0.08748724311590195,0.00023011985329605622,,,
1138,True,,0.008874946273863316,0.02273653633892536,,0.0,,,,,,0.0035567698068916798,0.047803085297346115,0.0,0.01743939146399498,0.0,0.0,0.0,0.0,0.08587095886468887,0.00022976990814330546,,,
1139,True,,0.008781288750469685,0.017339469864964485,,0.0,,,,,,0.0028793448582291603,0.055033084005117416,0.0,0.017337337136268616,0.0,0.0,0.0,0.0,0.06529577821493149,0.00022942007697236117,,,
1140,True,,0.0088780727237463,0.018153266981244087,,0.0,,,,,,0.0024360334500670433,0.056290917098522186,0.0,0.017124731093645096,0.0,0.0,0.0,0.0,0.101007841527462,0.000229070360664813,,,
1141,True,,0.01108359731733799,0.017635677009820938,,0.0,,,,,,0.004456220660358667,0.061159733682870865,0.0,0.021832149475812912,0.0,0.0,0.0,0.0,0.114762082695961,0.00022872076010196148,,,
1142,True,,0.010964826680719852,0.017685089260339737,,0.0,,,,,,0.0042807310819625854,0.0609564408659935,0.0,0.021518051624298096,0.0,0.0,0.0,0.0,0.07325918972492218,0.00022837127616481525,,,
1143,True,,0.008225200697779655,0.017599979415535927,,0.0,,,,,,0.0032868615817278624,0.0444754958152771,0.0,0.01613561064004898,0.0,0.0,0.0,0.0,0.06300507485866547,0.0002280219097340891,,,
1144,True,,0.013593136332929134,0.02365194261074066,,0.0,,,,,,0.005274382885545492,0.07548993825912476,0.0,0.02665303274989128,0.0,0.0,0.0,0.0,0.06265949457883835,0.00022767266169020168,,,
1145,True,,0.0074210334569215775,0.020528828725218773,,0.0,,,,,,0.0027612585108727217,0.04186704754829407,0.0,0.014574285596609116,0.0,0.0,0.0,0.0,0.06937603652477264,0.0002273235329132733,,,
1146,True,,0.008358188904821873,0.017917051911354065,,0.0,,,,,,0.002253721933811903,0.05546557158231735,0.0,0.016337638720870018,0.0,0.0,0.0,0.0,0.07005061209201813,0.00022697452428312376,,,
1147,True,,0.010452862828969955,0.0196991004049778,,0.0,,,,,,0.0036261396016925573,0.06214166432619095,0.0,0.02049015834927559,0.0,0.0,0.0,0.0,0.08219719678163528,0.00022662563667927006,,,
1148,True,,0.008961466141045094,0.026454109698534012,,0.0,,,,,,0.0027422988787293434,0.05627350136637688,0.0,0.017595656216144562,0.0,0.0,0.0,0.0,0.06495379656553268,0.00022627687098092408,,,
1149,True,,0.007243733387440443,0.01567658968269825,,0.0,,,,,,0.0022948444820940495,0.04490697756409645,0.0,0.014186041429638863,0.0,0.0,0.0,0.0,0.05990217253565788,0.00022592822806699072,,,
1150,True,,0.013639231212437153,0.027851926162838936,,0.0,,,,,,0.005553256254643202,0.07544030249118805,0.0,0.027015037834644318,0.0,0.0,0.0,0.0,0.06532108783721924,0.00022557970881606525,,,
1151,True,,0.011320546269416809,0.022781671956181526,,0.0,,,,,,0.00392541429027915,0.06828197836875916,0.0,0.02230197563767433,0.0,0.0,0.0,0.0,0.07854319363832474,0.00022523131410643162,,,
1152,True,,0.006594581063836813,0.015335017815232277,,0.0,,,,,,0.0023046701680868864,0.038168907165527344,0.0,0.012869492173194885,0.0,0.0,0.0,0.0,0.11385037750005722,0.00022488304481605941,,,
1153,True,,0.013860149309039116,0.0230295080691576,,0.0,,,,,,0.005678086541593075,0.07484263181686401,0.0,0.027252793312072754,0.0,0.0,0.0,0.0,0.07315724343061447,0.0002245349018226026,,,
1154,True,,0.013993551954627037,0.02053224667906761,,0.0,,,,,,0.0059549687430262566,0.07351522147655487,0.0,0.027505364269018173,0.0,0.0,0.0,0.0,0.10509925335645676,0.00022418688600339676,,,
1155,True,,0.006114236544817686,0.018064718693494797,,0.0,,,,,,0.0015731540042907,0.03995336592197418,0.0,0.011863374151289463,0.0,0.0,0.0,0.0,0.08585420250892639,0.00022383899823545694,,,
1156,True,,0.010215538553893566,0.01639482006430626,,0.0,,,,,,0.003923365846276283,0.05646821856498718,0.0,0.019949674606323242,0.0,0.0,0.0,0.0,0.0790494754910469,0.00022349123939547545,,,
1157,True,,0.00990891270339489,0.020059971138834953,,0.0,,,,,,0.00383005547337234,0.05344296991825104,0.0,0.01928386464715004,0.0,0.0,0.0,0.0,0.10651139914989471,0.00022314361035981973,,,
1158,True,,0.010503384284675121,0.022344397380948067,,0.0,,,,,,0.004211115650832653,0.056893520057201385,0.0,0.020627295598387718,0.0,0.0,0.0,0.0,0.07501929998397827,0.00022279611200453015,,,
1159,True,,0.010409642942249775,0.01658523455262184,,0.0,,,,,,0.003793987911194563,0.06040942668914795,0.0,0.02041042596101761,0.0,0.0,0.0,0.0,0.07527266442775726,0.00022244874520531787,,,
1160,True,,0.007358988281339407,0.018993377685546875,,0.0,,,,,,0.0022682161070406437,0.04549552500247955,0.0,0.014366691000759602,0.0,0.0,0.0,0.0,0.086383156478405,0.00022210151083756219,,,
1161,True,,0.008173559792339802,0.014139916747808456,,0.0,,,,,,0.0030904370360076427,0.04490162432193756,0.0,0.015895558521151543,0.0,0.0,0.0,0.0,0.1580125093460083,0.000221754409776309,,,
1162,True,,0.006161447614431381,0.01395345013588667,,0.0,,,,,,0.001755636534653604,0.0361567959189415,0.0,0.011672298423945904,0.0,0.0,0.0,0.0,0.1249302327632904,0.00022140744289626807,,,
1163,True,,0.013143707998096943,0.017433762550354004,,0.0,,,,,,0.005637126974761486,0.06953351944684982,0.0,0.02590852603316307,0.0,0.0,0.0,0.0,0.05755859613418579,0.00022106061107181124,,,
1164,True,,0.006471599452197552,0.028494833037257195,,0.0,,,,,,0.0017243786714971066,0.041570305824279785,0.0,0.012637956999242306,0.0,0.0,0.0,0.0,0.053850527852773666,0.0002207139151769696,,,
1165,True,,0.009690359234809875,0.01926286332309246,,0.0,,,,,,0.0036648656241595745,0.05571447312831879,0.0,0.019119299948215485,0.0,0.0,0.0,0.0,0.07698096334934235,0.00022036735608543207,,,
1166,True,,0.009938807226717472,0.025999028235673904,,0.0,,,,,,0.0026718005537986755,0.06791691482067108,0.0,0.019662290811538696,0.0,0.0,0.0,0.0,0.0703517496585846,0.00022002093467054273,,,
1167,True,,0.010002528317272663,0.027812737971544266,,0.0,,,,,,0.0034519280306994915,0.05643925070762634,0.0,0.01937650889158249,0.0,0.0,0.0,0.0,0.09896018356084824,0.00021967465180529878,,,
1168,True,,0.004699775017797947,0.012156167067587376,,0.0,,,,,,0.0013445941731333733,0.030195530503988266,0.0,0.009185483679175377,0.0,0.0,0.0,0.0,0.05575018376111984,0.00021932850836234785,,,
1169,True,,0.006968616973608732,0.02337217703461647,,0.0,,,,,,0.00233822176232934,0.04063214361667633,0.0,0.013603774830698967,0.0,0.0,0.0,0.0,0.08901415020227432,0.00021898250521398672,,,
1170,True,,0.01011116337031126,0.0224269088357687,,0.0,,,,,,0.0038791510742157698,0.055630773305892944,0.0,0.019777661189436913,0.0,0.0,0.0,0.0,0.09155137836933136,0.00021863664323215848,,,
1171,True,,0.009941989555954933,0.02048681117594242,,0.0,,,,,,0.003779997117817402,0.055902134627103806,0.0,0.019517067819833755,0.0,0.0,0.0,0.0,0.07933752983808517,0.0002182909232884503,,,
1172,True,,0.010839652270078659,0.02044517546892166,,0.0,,,,,,0.005002192687243223,0.05168485641479492,0.0,0.021214783191680908,0.0,0.0,0.0,0.0,0.08415535092353821,0.00021794534625409163,,,
1173,True,,0.013835370540618896,0.026323238387703896,,0.0,,,,,,0.00600421754643321,0.0724431574344635,0.0,0.027347136288881302,0.0,0.0,0.0,0.0,0.09300120174884796,0.0002175999129999516,,,
1174,True,,0.010357298888266087,0.020476873964071274,,0.0,,,,,,0.003681917442008853,0.059908490628004074,0.0,0.020234834402799606,0.0,0.0,0.0,0.0,0.07019765675067902,0.0002172546243965372,,,
1175,True,,0.008942978456616402,0.02014094591140747,,0.0,,,,,,0.0033463016152381897,0.05093401297926903,0.0,0.017584091052412987,0.0,0.0,0.0,0.0,0.05787122994661331,0.0002169094813139907,,,
1176,True,,0.011615220457315445,0.020623378455638885,,0.0,,,,,,0.005210459232330322,0.05867309868335724,0.0,0.022899223491549492,0.0,0.0,0.0,0.0,0.039169974625110626,0.00021656448462208778,,,
1177,True,,0.008197947405278683,0.01523529551923275,,0.0,,,,,,0.00233460683375597,0.05256723612546921,0.0,0.01594163104891777,0.0,0.0,0.0,0.0,0.10619476437568665,0.00021621963519023512,,,
1178,True,,0.006514093838632107,0.014816317707300186,,0.0,,,,,,0.0018779451493173838,0.04104440659284592,0.0,0.01264464296400547,0.0,0.0,0.0,0.0,0.05148126929998398,0.00021587493388746843,,,
1179,True,,0.007861116901040077,0.013440413400530815,,0.0,,,,,,0.0028851048555225134,0.043985556811094284,0.0,0.01527918130159378,0.0,0.0,0.0,0.0,0.100469671189785,0.00021553038158244993,,,
1180,True,,0.010844772681593895,0.01796390488743782,,0.0,,,,,,0.004376966506242752,0.05659447982907295,0.0,0.021060826256871223,0.0,0.0,0.0,0.0,0.13616816699504852,0.0002151859791434666,,,
1181,True,,0.009400937706232071,0.020284995436668396,,0.0,,,,,,0.004602441564202309,0.04279596358537674,0.0,0.01848582550883293,0.0,0.0,0.0,0.0,0.0804840475320816,0.0002148417274384275,,,
1182,True,,0.01580079458653927,0.024578431621193886,,0.0,,,,,,0.007366884499788284,0.07677200436592102,0.0,0.031090665608644485,0.0,0.0,0.0,0.0,0.12236442416906357,0.0002144976273348621,,,
1183,True,,0.012793558649718761,0.027876116335392,,0.0,,,,,,0.004951818846166134,0.07170967757701874,0.0,0.025195106863975525,0.0,0.0,0.0,0.0,0.14483335614204407,0.00021415367969991763,,,
1184,True,,0.007481544278562069,0.015799611806869507,,0.0,,,,,,0.0015009786002337933,0.05246005207300186,0.0,0.014386524446308613,0.0,0.0,0.0,0.0,0.12031199038028717,0.000213809885400357,,,
1185,True,,0.010546529665589333,0.02071518823504448,,0.0,,,,,,0.0042391810566186905,0.05651625618338585,0.0,0.02064448967576027,0.0,0.0,0.0,0.0,0.08716107904911041,0.00021346624530255704,,,
1186,True,,0.010598869062960148,0.02053532749414444,,0.0,,,,,,0.003908292390406132,0.06017466261982918,0.0,0.02072998136281967,0.0,0.0,0.0,0.0,0.0900803729891777,0.00021312276027250576,,,
1187,True,,0.013425765559077263,0.021518243476748466,,0.0,,,,,,0.005644231103360653,0.07133646309375763,0.0,0.02641882561147213,0.0,0.0,0.0,0.0,0.1548534631729126,0.0002127794311758004,,,
1188,True,,0.010012554004788399,0.017459005117416382,,0.0,,,,,,0.003640198614448309,0.057481519877910614,0.0,0.019575495272874832,0.0,0.0,0.0,0.0,0.1059165894985199,0.00021243625887764527,,,
1189,True,,0.008966200985014439,0.018241584300994873,,0.0,,,,,,0.003272010013461113,0.05212310701608658,0.0,0.01763293892145157,0.0,0.0,0.0,0.0,0.08202607184648514,0.00021209324424284953,,,
1190,True,,0.016941020265221596,0.02847859635949135,,0.0,,,,,,0.008558041416108608,0.07711495459079742,0.0,0.03349534422159195,0.0,0.0,0.0,0.0,0.07953844964504242,0.00021175038813582526,,,
1191,True,,0.007677086628973484,0.021341074258089066,,0.0,,,,,,0.002455645240843296,0.04700545221567154,0.0,0.015046687796711922,0.0,0.0,0.0,0.0,0.07785230875015259,0.00021140769142058446,,,
1192,True,,0.009606104344129562,0.020654993131756783,,0.0,,,,,,0.003826546249911189,0.05243194103240967,0.0,0.018882393836975098,0.0,0.0,0.0,0.0,0.07760968804359436,0.00021106515496073798,,,
1193,True,,0.006052861455827951,0.02158653363585472,,0.0,,,,,,0.0012386087328195572,0.03894306719303131,0.0,0.011401642113924026,0.0,0.0,0.0,0.0,0.1623106151819229,0.0002107227796194927,,,
1194,True,,0.008401195518672466,0.015079103410243988,,0.0,,,,,,0.002798589412122965,0.051659345626831055,0.0,0.016516510397195816,0.0,0.0,0.0,0.0,0.07509901374578476,0.00021038056625964952,,,
1195,True,,0.014286779798567295,0.02453787252306938,,0.0,,,,,,0.006692178547382355,0.06751565635204315,0.0,0.0279759019613266,0.0,0.0,0.0,0.0,0.1241738349199295,0.00021003851574360083,,,
1196,True,,0.008577494882047176,0.018553227186203003,,0.0,,,,,,0.0029475069604814053,0.049925096333026886,0.0,0.0167030431330204,0.0,0.0,0.0,0.0,0.0788550153374672,0.0002096966289333289,,,
1197,True,,0.009676050394773483,0.020472776144742966,,0.0,,,,,,0.00397583469748497,0.051918644458055496,0.0,0.019048478454351425,0.0,0.0,0.0,0.0,0.08348414301872253,0.00020935490669040353,,,
1198,True,,0.008544809184968472,0.021313056349754333,,0.0,,,,,,0.0020911884494125843,0.058677297085523605,0.0,0.016716858372092247,0.0,0.0,0.0,0.0,0.07246211916208267,0.00020901334987597964,,,
1199,True,,0.005440558306872845,0.012946872040629387,,0.0,,,,,,0.0012989351525902748,0.03536676615476608,0.0,0.010405639186501503,0.0,0.0,0.0,0.0,0.18042941391468048,0.00020867195935079537,,,
1200,True,,0.011831174604594707,0.024601947516202927,,0.0,,,,,,0.004618548788130283,0.06559504568576813,0.0,0.023255247622728348,0.0,0.0,0.0,0.0,0.07314937561750412,0.0002083307359751696,0.02798055848762321,0.008244707971481939,0.04884547091995715
1201,True,,0.00988098420202732,0.018910342827439308,,0.0,,,,,,0.0038951095193624496,0.05323874205350876,0.0,0.01928907074034214,0.0,0.0,0.0,0.0,0.08552448451519012,0.00020798968060900026,,,
1202,True,,0.008235038258135319,0.014293236657977104,,0.0,,,,,,0.002349548041820526,0.05323971435427666,0.0,0.016051489859819412,0.0,0.0,0.0,0.0,0.08218438178300858,0.00020764879411176186,,,
1203,True,,0.011417175643146038,0.01783101260662079,,0.0,,,,,,0.005150321871042252,0.05692189931869507,0.0,0.02243799716234207,0.0,0.0,0.0,0.0,0.0782441720366478,0.00020730807734250308,,,
1204,True,,0.011600218713283539,0.02644217014312744,,0.0,,,,,,0.004681767430156469,0.0631265640258789,0.0,0.022859064862132072,0.0,0.0,0.0,0.0,0.09801127016544342,0.00020696753115984502,,,
1205,True,,0.009320706129074097,0.019071538001298904,,0.0,,,,,,0.002450623083859682,0.0640157163143158,0.0,0.01836361736059189,0.0,0.0,0.0,0.0,0.08199115097522736,0.00020662715642197916,,,
1206,True,,0.009163236245512962,0.018425945192575455,,0.0,,,,,,0.0030183407943695784,0.055900853127241135,0.0,0.017955921590328217,0.0,0.0,0.0,0.0,0.06109669804573059,0.00020628695398666448,,,
1207,True,,0.00927505362778902,0.022017763927578926,,0.0,,,,,,0.003343853633850813,0.054851822555065155,0.0,0.018324267119169235,0.0,0.0,0.0,0.0,0.06304007023572922,0.000205946924711226,,,
1208,True,,0.010966354981064796,0.02121465653181076,,0.0,,,,,,0.0037662412505596876,0.06779291480779648,0.0,0.02172403410077095,0.0,0.0,0.0,0.0,0.0697483941912651,0.00020560706945255247,,,
1209,True,,0.008711909875273705,0.019665110856294632,,0.0,,,,,,0.0033615073189139366,0.04820137843489647,0.0,0.01709020510315895,0.0,0.0,0.0,0.0,0.06825092434883118,0.00020526738906709397,,,
1210,True,,0.011790355667471886,0.016095448285341263,,0.0,,,,,,0.003934038802981377,0.07392650842666626,0.0,0.023277999833226204,0.0,0.0,0.0,0.0,0.06345106661319733,0.0002049278844108598,,,
1211,True,,0.007497172337025404,0.01628732495009899,,0.0,,,,,,0.0028814012184739113,0.04177446663379669,0.0,0.01471889391541481,0.0,0.0,0.0,0.0,0.04355655610561371,0.00020458855633941647,,,
1212,True,,0.0119418790563941,0.0241823960095644,,0.0,,,,,,0.004435205366462469,0.0697614997625351,0.0,0.023595057427883148,0.0,0.0,0.0,0.0,0.06814315170049667,0.00020424940570788576,,,
1213,True,,0.008235038258135319,0.019207274541258812,,0.0,,,,,,0.0025624893605709076,0.0516032911837101,0.0,0.01614993065595627,0.0,0.0,0.0,0.0,0.07665078341960907,0.00020391043337094185,,,
1214,True,,0.009181099943816662,0.01448457408696413,,0.0,,,,,,0.003195555880665779,0.05472807586193085,0.0,0.017994308844208717,0.0,0.0,0.0,0.0,0.1588132530450821,0.00020357164018280994,,,
1215,True,,0.014399447478353977,0.02007613703608513,,0.0,,,,,,0.006733180955052376,0.07131225615739822,0.0,0.02846461534500122,0.0,0.0,0.0,0.0,0.08527933061122894,0.0002032330269972636,,,
1216,True,,0.011751527898013592,0.023236587643623352,,0.0,,,,,,0.00425106193870306,0.06831786781549454,0.0,0.023066742345690727,0.0,0.0,0.0,0.0,0.08969184011220932,0.00020289459466762288,,,
1217,True,,0.014261552132666111,0.024887509644031525,,0.0,,,,,,0.005955185275524855,0.07795338332653046,0.0,0.02826094999909401,0.0,0.0,0.0,0.0,0.05555634945631027,0.00020255634404675216,,,
1218,True,,0.006647699512541294,0.014730367809534073,,0.0,,,,,,0.002271853620186448,0.039722591638565063,0.0,0.013039115816354752,0.0,0.0,0.0,0.0,0.08463308215141296,0.00020221827598705756,,,
1219,True,,0.01117751095443964,0.020542098209261894,,0.0,,,,,,0.004463847726583481,0.060997553169727325,0.0,0.021946534514427185,0.0,0.0,0.0,0.0,0.07531654089689255,0.00020188039134048537,,,
1220,True,,0.007308968808501959,0.01678929477930069,,0.0,,,,,,0.0019607970025390387,0.04889063164591789,0.0,0.014326721429824829,0.0,0.0,0.0,0.0,0.060142435133457184,0.00020154269095851968,,,
1221,True,,0.009521846659481525,0.014667470939457417,,0.0,,,,,,0.0036589119117707014,0.054207392036914825,0.0,0.018748171627521515,0.0,0.0,0.0,0.0,0.07435590773820877,0.00020120517569218038,,,
1222,True,,0.011428600177168846,0.021616075187921524,,0.0,,,,,,0.004916573874652386,0.059306975454092026,0.0,0.02249203249812126,0.0,0.0,0.0,0.0,0.08246111124753952,0.00020086784639202044,,,
1223,True,,0.011620610021054745,0.02394668385386467,,0.0,,,,,,0.004595230799168348,0.06267207860946655,0.0,0.0227225162088871,0.0,0.0,0.0,0.0,0.1284649819135666,0.00020053070390812456,,,
1224,True,,0.00989078450948,0.016824480146169662,,0.0,,,,,,0.003589492989704013,0.06027067080140114,0.0,0.019675590097904205,0.0,0.0,0.0,0.0,0.05587472766637802,0.0002001937490901064,,,
1225,True,,0.015393190085887909,0.03013688698410988,,0.0,,,,,,0.006409729830920696,0.08109287917613983,0.0,0.030213575810194016,0.0,0.0,0.0,0.0,0.09756945073604584,0.00019985698278710695,,,
1226,True,,0.012618517503142357,0.02363458462059498,,0.0,,,,,,0.0050004348158836365,0.07027816772460938,0.0,0.02488311380147934,0.0,0.0,0.0,0.0,0.06299891322851181,0.00019952040584779197,,,
1227,True,,0.009830299764871597,0.01757272705435753,,0.0,,,,,,0.003330227918922901,0.06026159226894379,0.0,0.01936241425573826,0.0,0.0,0.0,0.0,0.06051576882600784,0.00019918401912034995,,,
1228,True,,0.010508270934224129,0.017078101634979248,,0.0,,,,,,0.0035761743783950806,0.06438343971967697,0.0,0.020693570375442505,0.0,0.0,0.0,0.0,0.07710009813308716,0.00019884782345249013,,,
1229,True,,0.012571183033287525,0.01845994032919407,,0.0,,,,,,0.005624407436698675,0.06499682366847992,0.0,0.024879872798919678,0.0,0.0,0.0,0.0,0.08457658439874649,0.00019851181969144055,,,
1230,True,,0.006535964086651802,0.014324256218969822,,0.0,,,,,,0.0019329048227518797,0.04130881279706955,0.0,0.012742992490530014,0.0,0.0,0.0,0.0,0.0483088344335556,0.00019817600868394502,,,
1231,True,,0.010042678564786911,0.018515991047024727,,0.0,,,,,,0.003199337050318718,0.06280893087387085,0.0,0.019708069041371346,0.0,0.0,0.0,0.0,0.08422805368900299,0.00019784039127626209,,,
1232,True,,0.008643783628940582,0.01273354422301054,,0.0,,,,,,0.002591480500996113,0.057672519236803055,0.0,0.017129849642515182,0.0,0.0,0.0,0.0,0.07226332277059555,0.00019750496831416215,,,
1233,True,,0.010184399783611298,0.025700794532895088,,0.0,,,,,,0.0038037686608731747,0.057060543447732925,0.0,0.019951231777668,0.0,0.0,0.0,0.0,0.07960426062345505,0.00019716974064292597,,,
1234,True,,0.009980159811675549,0.02207212895154953,,0.0,,,,,,0.003602690529078245,0.058791693300008774,0.0,0.019682742655277252,0.0,0.0,0.0,0.0,0.04917740449309349,0.0001968347091073417,,,
1235,True,,0.01280641183257103,0.018135908991098404,,0.0,,,,,,0.006149654276669025,0.06082304194569588,0.0,0.025219731032848358,0.0,0.0,0.0,0.0,0.057137854397296906,0.00019649987455170348,,,
1236,True,,0.007093334104865789,0.01232533622533083,,0.0,,,,,,0.0022816970013082027,0.043021492660045624,0.0,0.013800433836877346,0.0,0.0,0.0,0.0,0.06798511743545532,0.0001961652378198091,,,
1237,True,,0.015513039194047451,0.023642947897315025,,0.0,,,,,,0.006412845104932785,0.08502780646085739,0.0,0.030665094032883644,0.0,0.0,0.0,0.0,0.06488416343927383,0.0001958307997549577,,,
1238,True,,0.011697370558977127,0.019307170063257217,,0.0,,,,,,0.00522841839119792,0.05978527292609215,0.0,0.023097388446331024,0.0,0.0,0.0,0.0,0.07270155102014542,0.00019549656119994768,,,
1239,True,,0.010425947606563568,0.021478502079844475,,0.0,,,,,,0.004805113188922405,0.05145123973488808,0.0,0.020590970292687416,0.0,0.0,0.0,0.0,0.053758393973112106,0.00019516252299707493,,,
1240,True,,0.007190059404820204,0.01441180519759655,,0.0,,,,,,0.002300952561199665,0.04492194950580597,0.0,0.014127325266599655,0.0,0.0,0.0,0.0,0.046704620122909546,0.00019482868598813037,,,
1241,True,,0.011404788121581078,0.0165058933198452,,0.0,,,,,,0.005176415666937828,0.057852745056152344,0.0,0.02253153920173645,0.0,0.0,0.0,0.0,0.05557307228446007,0.00019449505101439764,,,
1242,True,,0.012087002396583557,0.01842186413705349,,0.0,,,,,,0.005670065991580486,0.05874180048704147,0.0,0.023815467953681946,0.0,0.0,0.0,0.0,0.04755483940243721,0.0001941616189166515,,,
1243,True,,0.008727065287530422,0.018121574074029922,,0.0,,,,,,0.0035761340986937284,0.04727683588862419,0.0,0.017212098464369774,0.0,0.0,0.0,0.0,0.05495886504650116,0.00019382839053515549,,,
1244,True,,0.008809355087578297,0.020142655819654465,,0.0,,,,,,0.002252566860988736,0.06125405430793762,0.0,0.017388753592967987,0.0,0.0,0.0,0.0,0.06583116948604584,0.00019349536670965973,,,
1245,True,,0.005989469587802887,0.01731739565730095,,0.0,,,,,,0.001438705949112773,0.03963779658079147,0.0,0.011565129272639751,0.0,0.0,0.0,0.0,0.11127857863903046,0.00019316254827939856,,,
1246,True,,0.013070126064121723,0.024526506662368774,,0.0,,,,,,0.00530451163649559,0.0695766806602478,0.0,0.025577571243047714,0.0,0.0,0.0,0.0,0.061068736016750336,0.00019282993608308913,,,
1247,True,,0.010902414098381996,0.023650631308555603,,0.0,,,,,,0.003831667359918356,0.06513596326112747,0.0,0.02148418501019478,0.0,0.0,0.0,0.0,0.07485087960958481,0.00019249753095892862,,,
1248,True,,0.009043160825967789,0.019804608076810837,,0.0,,,,,,0.0024930916260927916,0.0603402778506279,0.0,0.01776832714676857,0.0,0.0,0.0,0.0,0.10387053340673447,0.00019216533374459262,,,
1249,True,,0.012716555036604404,0.016355052590370178,,0.0,,,,,,0.005760584957897663,0.06539660692214966,0.0,0.025180350989103317,0.0,0.0,0.0,0.0,0.06488905847072601,0.00019183334527723246,,,
1250,True,,0.009174383245408535,0.020712818950414658,,0.0,,,,,,0.002985537052154541,0.05749127268791199,0.0,0.01811617612838745,0.0,0.0,0.0,0.0,0.08490681648254395,0.00019150156639347355,,,
1251,True,,0.011203880421817303,0.021263062953948975,,0.0,,,,,,0.004353357944637537,0.06301833689212799,0.0,0.022071702405810356,0.0,0.0,0.0,0.0,0.060707081109285355,0.00019116999792941324,,,
1252,True,,0.01358877681195736,0.01825256273150444,,0.0,,,,,,0.006060871295630932,0.06922858953475952,0.0,0.02675503119826317,0.0,0.0,0.0,0.0,0.11395926773548126,0.00019083864072061857,,,
1253,True,,0.005083997268229723,0.017458587884902954,,0.0,,,,,,0.001120144035667181,0.03541310504078865,0.0,0.009920038282871246,0.0,0.0,0.0,0.0,0.09496371448040009,0.00019050749560212412,,,
1254,True,,0.011014712043106556,0.017361022531986237,,0.0,,,,,,0.004210467915982008,0.0629606768488884,0.0,0.021694857627153397,0.0,0.0,0.0,0.0,0.055036794394254684,0.00019017656340842993,,,
1255,True,,0.010305475443601608,0.020738381892442703,,0.0,,,,,,0.0036885510198771954,0.05922660604119301,0.0,0.020124070346355438,0.0,0.0,0.0,0.0,0.08592062443494797,0.00018984584497349982,,,
1256,True,,0.013989871367812157,0.021628329530358315,,0.0,,,,,,0.006264247931540012,0.07222466170787811,0.0,0.027692869305610657,0.0,0.0,0.0,0.0,0.07930433005094528,0.00018951534113075864,,,
1257,True,,0.007543743122369051,0.01610560715198517,,0.0,,,,,,0.002076562261208892,0.05035577714443207,0.0,0.014816938899457455,0.0,0.0,0.0,0.0,0.07475242763757706,0.00018918505271309032,,,
1258,True,,0.013422093354165554,0.01900297775864601,,0.0,,,,,,0.005473853088915348,0.0709707960486412,0.0,0.026183055713772774,0.0,0.0,0.0,0.0,0.13991546630859375,0.00018885498055283618,,,
1259,True,,0.00771012669429183,0.01756194233894348,,0.0,,,,,,0.002172287553548813,0.05004825443029404,0.0,0.015062859281897545,0.0,0.0,0.0,0.0,0.061269912868738174,0.00018852512548179256,,,
1260,True,,0.010954290628433228,0.02091888338327408,,0.0,,,,,,0.004038083367049694,0.06275133043527603,0.0,0.02147669717669487,0.0,0.0,0.0,0.0,0.0875951498746872,0.00018819548833120858,,,
1261,True,,0.007447811774909496,0.0156995952129364,,0.0,,,,,,0.0026574446819722652,0.044280294328927994,0.0,0.014690281823277473,0.0,0.0,0.0,0.0,0.06245587766170502,0.00018786606993178423,,,
1262,True,,0.009503688663244247,0.018459737300872803,,0.0,,,,,,0.00312710739672184,0.05899829417467117,0.0,0.01871522329747677,0.0,0.0,0.0,0.0,0.07055052369832993,0.00018753687111366834,,,
1263,True,,0.008885716088116169,0.017331432551145554,,0.0,,,,,,0.002458255272358656,0.05943642556667328,0.0,0.017460927367210388,0.0,0.0,0.0,0.0,0.09461767971515656,0.00018720789270645623,,,
1264,True,,0.009847271256148815,0.014710869640111923,,0.0,,,,,,0.003572444198653102,0.05692356824874878,0.0,0.01925918087363243,0.0,0.0,0.0,0.0,0.07978793233633041,0.00018687913553918796,,,
1265,True,,0.014456983655691147,0.01994606852531433,,0.0,,,,,,0.005592059344053268,0.08158009499311447,0.0,0.02840651199221611,0.0,0.0,0.0,0.0,0.1333012580871582,0.00018655060044034573,,,
1266,True,,0.00825277715921402,0.018580066040158272,,0.0,,,,,,0.0032322495244443417,0.044729314744472504,0.0,0.016143757849931717,0.0,0.0,0.0,0.0,0.13022619485855103,0.00018622228823785247,,,
1267,True,,0.00958804041147232,0.014978252351284027,,0.0,,,,,,0.004161330871284008,0.050488390028476715,0.0,0.018947992473840714,0.0,0.0,0.0,0.0,0.08197680860757828,0.00018589419975906935,,,
1268,True,,0.010719310492277145,0.029559064656496048,,0.0,,,,,,0.003444292349740863,0.06687482446432114,0.0,0.021146675571799278,0.0,0.0,0.0,0.0,0.07779261469841003,0.00018556633583079353,,,
1269,True,,0.006879732944071293,0.02101162075996399,,0.0,,,,,,0.0016952477162703872,0.04756378382444382,0.0,0.01354147493839264,0.0,0.0,0.0,0.0,0.08624142408370972,0.00018523869727925647,,,
1270,True,,0.008724181912839413,0.020520608872175217,,0.0,,,,,,0.0029354027938097715,0.052580587565898895,0.0,0.017122849822044373,0.0,0.0,0.0,0.0,0.05914930999279022,0.0001849112849301216,,,
1271,True,,0.009114335291087627,0.017314083874225616,,0.0,,,,,,0.004087922163307667,0.0456039234995842,0.0,0.01793579012155533,0.0,0.0,0.0,0.0,0.06770997494459152,0.0001845840996084825,,,
1272,True,,0.011523882858455181,0.02016332931816578,,0.0,,,,,,0.004593644756823778,0.06417547911405563,0.0,0.02273670956492424,0.0,0.0,0.0,0.0,0.05107467249035835,0.00018425714213886018,,,
1273,True,,0.015085186809301376,0.020459985360503197,,0.0,,,,,,0.0073786042630672455,0.07221555709838867,0.0,0.029889944940805435,0.0,0.0,0.0,0.0,0.050628550350666046,0.00018393041334520193,,,
1274,True,,0.011005036532878876,0.020261960104107857,,0.0,,,,,,0.004147914703935385,0.06330936402082443,0.0,0.021686507388949394,0.0,0.0,0.0,0.0,0.05479028448462486,0.0001836039140508785,,,
1275,True,,0.009147320874035358,0.021817028522491455,,0.0,,,,,,0.002968874527141452,0.056840986013412476,0.0,0.018018465489149094,0.0,0.0,0.0,0.0,0.06878926604986191,0.00018327764507868245,,,
1276,True,,0.00966687873005867,0.018554653972387314,,0.0,,,,,,0.003893662942573428,0.0535568967461586,0.0,0.01910177804529667,0.0,0.0,0.0,0.0,0.055146537721157074,0.00018295160725082576,,,
1277,True,,0.006339965388178825,0.016029801219701767,,0.0,,,,,,0.0017455408815294504,0.04165317118167877,0.0,0.012411121279001236,0.0,0.0,0.0,0.0,0.053861912339925766,0.00018262580138893802,,,
1278,True,,0.009255652315914631,0.01698390021920204,,0.0,,,,,,0.00310373492538929,0.05668051913380623,0.0,0.018197277560830116,0.0,0.0,0.0,0.0,0.04523204267024994,0.00018230022831406423,,,
1279,True,,0.008568741381168365,0.015920978039503098,,0.0,,,,,,0.0026507549919188023,0.055122967809438705,0.0,0.016891002655029297,0.0,0.0,0.0,0.0,0.04572112858295441,0.0001819748888466628,,,
1280,True,,0.005517048295587301,0.013760966248810291,,0.0,,,,,,0.001674820901826024,0.03482239320874214,0.0,0.010811718180775642,0.0,0.0,0.0,0.0,0.04139001667499542,0.00018164978380660334,,,
1281,True,,0.008156598545610905,0.015830982476472855,,0.0,,,,,,0.0031592505984008312,0.04524514079093933,0.0,0.01599867269396782,0.0,0.0,0.0,0.0,0.09066012501716614,0.00018132491401316476,,,
1282,True,,0.011119498871266842,0.019191863015294075,,0.0,,,,,,0.004209848120808601,0.06373533606529236,0.0,0.021894799545407295,0.0,0.0,0.0,0.0,0.05323287472128868,0.000181000280285033,,,
1283,True,,0.008444679901003838,0.019556935876607895,,0.0,,,,,,0.002627162029966712,0.05441196635365486,0.0,0.016708608716726303,0.0,0.0,0.0,0.0,0.0579119510948658,0.0001806758834402995,,,
1284,True,,0.009238059632480145,0.017558645457029343,,0.0,,,,,,0.003088893136009574,0.05589066445827484,0.0,0.018091605976223946,0.0,0.0,0.0,0.0,0.06677265465259552,0.00018035172429645819,,,
1285,True,,0.011911621317267418,0.022177856415510178,,0.0,,,,,,0.004456513561308384,0.06856012344360352,0.0,0.02344592660665512,0.0,0.0,0.0,0.0,0.08572720736265182,0.0001800278036704045,,,
1286,True,,0.00760177755728364,0.016414567828178406,,0.0,,,,,,0.0018376975785940886,0.05353647470474243,0.0,0.014957267791032791,0.0,0.0,0.0,0.0,0.04830723628401756,0.00017970412237843243,,,
1287,True,,0.006741989403963089,0.013591136783361435,,0.0,,,,,,0.0020472812466323376,0.04353857785463333,0.0,0.013279039412736893,0.0,0.0,0.0,0.0,0.043598297983407974,0.000179380681236233,,,
1288,True,,0.012695676647126675,0.01844462752342224,,0.0,,,,,,0.0051984237506985664,0.07012671232223511,0.0,0.025091219693422318,0.0,0.0,0.0,0.0,0.07150747627019882,0.00017905748105889196,,,
1289,True,,0.012225079350173473,0.018981212750077248,,0.0,,,,,,0.0048080794513225555,0.06762786209583282,0.0,0.023985756561160088,0.0,0.0,0.0,0.0,0.0814446359872818,0.0001787345226608879,,,
1290,True,,0.012565035372972488,0.020122481510043144,,0.0,,,,,,0.004754865542054176,0.07344319671392441,0.0,0.024865446612238884,0.0,0.0,0.0,0.0,0.05445004999637604,0.0001784118068560901,,,
1291,True,,0.00640777125954628,0.012696689926087856,,0.0,,,,,,0.0020918557420372963,0.039690420031547546,0.0,0.01259563583880663,0.0,0.0,0.0,0.0,0.05125080794095993,0.0001780893344577566,,,
1292,True,,0.014990771189332008,0.01915092021226883,,0.0,,,,,,0.00704206433147192,0.07326875627040863,0.0,0.029551219195127487,0.0,0.0,0.0,0.0,0.0617801696062088,0.00017776710627853172,,,
1293,True,,0.0076360697858035564,0.01692633330821991,,0.0,,,,,,0.0020473904442042112,0.048040665686130524,0.0,0.014656789600849152,0.0,0.0,0.0,0.0,0.10237813740968704,0.00017744512313044454,,,
1294,True,,0.011671907268464565,0.0175473690032959,,0.0,,,,,,0.005639589391648769,0.055802300572395325,0.0,0.023067200556397438,0.0,0.0,0.0,0.0,0.059133000671863556,0.00017712338582490678,,,
1295,True,,0.007981985807418823,0.014285854995250702,,0.0,,,,,,0.0028738779947161674,0.04727604240179062,0.0,0.015726326033473015,0.0,0.0,0.0,0.0,0.08518683910369873,0.0001768018951727105,,,
1296,True,,0.0064536952413618565,0.014547975733876228,,0.0,,,,,,0.002120621269568801,0.03885568678379059,0.0,0.012605365365743637,0.0,0.0,0.0,0.0,0.06640191376209259,0.00017648065198402603,,,
1297,True,,0.007807994727045298,0.023052271455526352,,0.0,,,,,,0.0027709249407052994,0.04537731409072876,0.0,0.015347173437476158,0.0,0.0,0.0,0.0,0.08599197864532471,0.00017615965706840043,,,
1298,True,,0.007354313042014837,0.01771983876824379,,0.0,,,,,,0.0021160272881388664,0.04665590450167656,0.0,0.01431312970817089,0.0,0.0,0.0,0.0,0.11726386100053787,0.00017583891123475472,,,
1299,True,,0.005717184394598007,0.01329319179058075,,0.0,,,,,,0.001612550811842084,0.0366034060716629,0.0,0.011123007163405418,0.0,0.0,0.0,0.0,0.07854210585355759,0.00017551841529138252,,,
1300,True,,0.013295572251081467,0.018973635509610176,,0.0,,,,,,0.005212417803704739,0.07474523037672043,0.0,0.026172250509262085,0.0,0.0,0.0,0.0,0.08150064200162888,0.00017519817004594756,0.03321989386725834,0.0024164661007520967,0.0479604601391242
1301,True,,0.005776932463049889,0.012116679921746254,,0.0,,,,,,0.0024748542346060276,0.0294901505112648,0.0,0.011321968398988247,0.0,0.0,0.0,0.0,0.039502937346696854,0.00017487817630548185,,,
1302,True,,0.011925076134502888,0.017025554552674294,,0.0,,,,,,0.00486461166292429,0.06388503313064575,0.0,0.023348446935415268,0.0,0.0,0.0,0.0,0.132982537150383,0.00017455843487638363,,,
1303,True,,0.007944772019982338,0.018272528424859047,,0.0,,,,,,0.0028564445674419403,0.045445702970027924,0.0,0.015528513118624687,0.0,0.0,0.0,0.0,0.11153524369001389,0.0001742389465644153,,,
1304,True,,0.012768739834427834,0.022861286997795105,,0.0,,,,,,0.004866731818765402,0.07403812557458878,0.0,0.02526789717376232,0.0,0.0,0.0,0.0,0.06763165444135666,0.0001739197121747012,,,
1305,True,,0.010794110596179962,0.01776415854692459,,0.0,,,,,,0.004886544309556484,0.05545233190059662,0.0,0.02140352874994278,0.0,0.0,0.0,0.0,0.08693717420101166,0.000173600732511726,,,
1306,True,,0.009724638424813747,0.016829179599881172,,0.0,,,,,,0.0036583440378308296,0.05592392385005951,0.0,0.019143667072057724,0.0,0.0,0.0,0.0,0.07040806114673615,0.00017328200837933246,,,
1307,True,,0.009218896739184856,0.017342176288366318,,0.0,,,,,,0.0033249908592551947,0.05422490835189819,0.0,0.018139800056815147,0.0,0.0,0.0,0.0,0.10687251389026642,0.0001729635405807192,,,
1308,True,,0.008158852346241474,0.014508595690131187,,0.0,,,,,,0.0030149798840284348,0.04728345945477486,0.0,0.016047265380620956,0.0,0.0,0.0,0.0,0.058680515736341476,0.000172645329918439,,,
1309,True,,0.004919114988297224,0.012755037285387516,,0.0,,,,,,0.0010687445756047964,0.03325311467051506,0.0,0.009440721943974495,0.0,0.0,0.0,0.0,0.08817721158266068,0.00017232737719439668,,,
1310,True,,0.009225812740623951,0.0162174291908741,,0.0,,,,,,0.0033457602839916945,0.05531783401966095,0.0,0.018265530467033386,0.0,0.0,0.0,0.0,0.05117867887020111,0.0001720096832098469,,,
1311,True,,0.008586633019149303,0.014811510220170021,,0.0,,,,,,0.002922874642536044,0.05235728994011879,0.0,0.016893351450562477,0.0,0.0,0.0,0.0,0.06435369700193405,0.0001716922487653924,,,
1312,True,,0.015768105164170265,0.021569032222032547,,0.0,,,,,,0.007624324411153793,0.07612517476081848,0.0,0.031220637261867523,0.0,0.0,0.0,0.0,0.05194281414151192,0.00017137507466098196,,,
1313,True,,0.009052049368619919,0.020306212827563286,,0.0,,,,,,0.003475925652310252,0.0508636012673378,0.0,0.01781739667057991,0.0,0.0,0.0,0.0,0.07391780614852905,0.000171058161695908,,,
1314,True,,0.00689975218847394,0.018612664192914963,,0.0,,,,,,0.0021138135343790054,0.04271160066127777,0.0,0.013470852747559547,0.0,0.0,0.0,0.0,0.09458785504102707,0.00017074151066880523,,,
1315,True,,0.011819091625511646,0.016228817403316498,,0.0,,,,,,0.005405755247920752,0.05774138122797012,0.0,0.023161273449659348,0.0,0.0,0.0,0.0,0.08078363537788391,0.00017042512237764785,,,
1316,True,,0.007837371900677681,0.01503334566950798,,0.0,,,,,,0.0024495883844792843,0.04960407316684723,0.0,0.015397701412439346,0.0,0.0,0.0,0.0,0.056198928505182266,0.00017010899761974824,,,
1317,True,,0.020167941227555275,0.02953489124774933,,0.0,,,,,,0.010658208280801773,0.08914288133382797,0.0,0.040035784244537354,0.0,0.0,0.0,0.0,0.05758373811841011,0.00016979313719175468,,,
1318,True,,0.008972862735390663,0.021114028990268707,,0.0,,,,,,0.003288908861577511,0.052037935703992844,0.0,0.01767670549452305,0.0,0.0,0.0,0.0,0.0598619319498539,0.0001694775418896492,,,
1319,True,,0.0077529712580144405,0.018717046827077866,,0.0,,,,,,0.0022823596373200417,0.050032444298267365,0.0,0.015225745737552643,0.0,0.0,0.0,0.0,0.05798834189772606,0.00016916221250874564,,,
1320,True,,0.010949795134365559,0.01765047013759613,,0.0,,,,,,0.004512057639658451,0.05926702544093132,0.0,0.021565061062574387,0.0,0.0,0.0,0.0,0.06449411064386368,0.0001688471498436879,,,
1321,True,,0.005977863445878029,0.012621079571545124,,0.0,,,,,,0.001684615621343255,0.03930336982011795,0.0,0.011719027534127235,0.0,0.0,0.0,0.0,0.05324414372444153,0.00016853235468844763,,,
1322,True,,0.009567344561219215,0.019596101716160774,,0.0,,,,,,0.0034192800521850586,0.056914497166872025,0.0,0.0188740361481905,0.0,0.0,0.0,0.0,0.05024227499961853,0.0001682178278363225,,,
1323,True,,0.005558403674513102,0.01778605207800865,,0.0,,,,,,0.0018175509758293629,0.034008413553237915,0.0,0.010954656638205051,0.0,0.0,0.0,0.0,0.053726926445961,0.00016790357007993365,,,
1324,True,,0.008023775182664394,0.01711161434650421,,0.0,,,,,,0.0027847792953252792,0.04791872203350067,0.0,0.015771541744470596,0.0,0.0,0.0,0.0,0.030285978689789772,0.00016758958221122443,,,
1325,True,,0.008783763274550438,0.018614327535033226,,0.0,,,,,,0.0027371272444725037,0.055029161274433136,0.0,0.01720995083451271,0.0,0.0,0.0,0.0,0.04602416604757309,0.00016727586502145815,,,
1326,True,,0.008293524384498596,0.01870693638920784,,0.0,,,,,,0.0030511829536408186,0.04723617061972618,0.0,0.016255393624305725,0.0,0.0,0.0,0.0,0.10806833207607269,0.00016696241930121567,,,
1327,True,,0.00802940409630537,0.017069945111870766,,0.0,,,,,,0.0028268774040043354,0.04703589528799057,0.0,0.015730571001768112,0.0,0.0,0.0,0.0,0.05419157072901726,0.0001666492458403939,,,
1328,True,,0.006658489815890789,0.012712933123111725,,0.0,,,,,,0.0021663156803697348,0.04175909608602524,0.0,0.013127844780683517,0.0,0.0,0.0,0.0,0.11765898764133453,0.0001663363454282037,,,
1329,True,,0.01003955863416195,0.020144358277320862,,0.0,,,,,,0.004189804196357727,0.05322283133864403,0.0,0.019753089174628258,0.0,0.0,0.0,0.0,0.03704529255628586,0.0001660237188531677,,,
1330,True,,0.007518742699176073,0.015723995864391327,,0.0,,,,,,0.0024862715508788824,0.046770960092544556,0.0,0.014839349314570427,0.0,0.0,0.0,0.0,0.05410928279161453,0.00016571136690311867,,,
1331,True,,0.010508528910577297,0.02290905825793743,,0.0,,,,,,0.004262436181306839,0.05593437701463699,0.0,0.020593494176864624,0.0,0.0,0.0,0.0,0.0793832391500473,0.00016539929036519697,,,
1332,True,,0.008592392317950726,0.015590285882353783,,0.0,,,,,,0.003191168187186122,0.04851505905389786,0.0,0.01679096929728985,0.0,0.0,0.0,0.0,0.1207435205578804,0.0001650874900258491,,,
1333,True,,0.010044152848422527,0.016783416271209717,,0.0,,,,,,0.0035302944015711546,0.0602029487490654,0.0,0.01976257562637329,0.0,0.0,0.0,0.0,0.04809751361608505,0.00016477596667082572,,,
1334,True,,0.013209216296672821,0.019562503322958946,,0.0,,,,,,0.006703216582536697,0.059559352695941925,0.0,0.026063993573188782,0.0,0.0,0.0,0.0,0.04968540370464325,0.00016446472108517921,,,
1335,True,,0.011359740048646927,0.016870366409420967,,0.0,,,,,,0.005530061200261116,0.05272418260574341,0.0,0.02233092300593853,0.0,0.0,0.0,0.0,0.06328544020652771,0.00016415375405326194,,,
1336,True,,0.00930835772305727,0.015445797704160213,,0.0,,,,,,0.0034989803098142147,0.053690992295742035,0.0,0.0183308944106102,0.0,0.0,0.0,0.0,0.11730283498764038,0.00016384306635872447,,,
1337,True,,0.010901818983256817,0.017619792371988297,,0.0,,,,,,0.004866723902523518,0.05522433668375015,0.0,0.021467175334692,0.0,0.0,0.0,0.0,0.09567779302597046,0.00016353265878451338,,,
1338,True,,0.008465039543807507,0.01416811067610979,,0.0,,,,,,0.003774042706936598,0.042433083057403564,0.0,0.016624070703983307,0.0,0.0,0.0,0.0,0.04961300641298294,0.00016322253211286926,,,
1339,True,,0.010961273685097694,0.017271894961595535,,0.0,,,,,,0.00494681391865015,0.05578366667032242,0.0,0.02165917307138443,0.0,0.0,0.0,0.0,0.06771448999643326,0.00016291268712532487,,,
1340,True,,0.006852953229099512,0.01533464901149273,,0.0,,,,,,0.0019248526077717543,0.04453945904970169,0.0,0.013385098427534103,0.0,0.0,0.0,0.0,0.09754449129104614,0.00016260312460270314,,,
1341,True,,0.008017762564122677,0.017650170251727104,,0.0,,,,,,0.003205716609954834,0.044304247945547104,0.0,0.015830405056476593,0.0,0.0,0.0,0.0,0.0520973838865757,0.00016229384532511526,,,
1342,True,,0.009872975759208202,0.019467078149318695,,0.0,,,,,,0.003708564443513751,0.05601891875267029,0.0,0.01937810331583023,0.0,0.0,0.0,0.0,0.04684067517518997,0.0001619848500719583,,,
1343,True,,0.0077494001016020775,0.014938918873667717,,0.0,,,,,,0.0025287054013460875,0.04826612025499344,0.0,0.015254106372594833,0.0,0.0,0.0,0.0,0.059949468821287155,0.00016167613962191386,,,
1344,True,,0.00838270504027605,0.01847136951982975,,0.0,,,,,,0.0033237263560295105,0.046394675970077515,0.0,0.016530612483620644,0.0,0.0,0.0,0.0,0.07833781093358994,0.00016136771475294578,,,
1345,True,,0.006082157138735056,0.015842929482460022,,0.0,,,,,,0.0014019444352015853,0.04260169342160225,0.0,0.011902700178325176,0.0,0.0,0.0,0.0,0.09047391265630722,0.00016105957624229828,,,
1346,True,,0.009638273157179356,0.01587306708097458,,0.0,,,,,,0.0036783411633223295,0.05574708431959152,0.0,0.019050054252147675,0.0,0.0,0.0,0.0,0.05469941720366478,0.0001607517248664937,,,
1347,True,,0.0062656765803694725,0.014455476775765419,,0.0,,,,,,0.0019633665215224028,0.03826545178890228,0.0,0.012200143188238144,0.0,0.0,0.0,0.0,0.10272538661956787,0.000160444161401331,,,
1348,True,,0.006372624076902866,0.013378571718931198,,0.0,,,,,,0.001747107831761241,0.0419737845659256,0.0,0.012450896203517914,0.0,0.0,0.0,0.0,0.05493313819169998,0.0001601368866218836,,,
1349,True,,0.010304806753993034,0.02398570254445076,,0.0,,,,,,0.004904802888631821,0.04863455891609192,0.0,0.020312923938035965,0.0,0.0,0.0,0.0,0.08630557358264923,0.00015982990130249732,,,
1350,True,,0.0095460070297122,0.01729150488972664,,0.0,,,,,,0.003866740968078375,0.052739884704351425,0.0,0.018859650939702988,0.0,0.0,0.0,0.0,0.06545823812484741,0.00015952320621678856,,,
1351,True,,0.011078978888690472,0.019580543041229248,,0.0,,,,,,0.00465362798422575,0.059244122356176376,0.0,0.021852824836969376,0.0,0.0,0.0,0.0,0.07916208356618881,0.0001592168021376423,,,
1352,True,,0.009499062784016132,0.017302844673395157,,0.0,,,,,,0.003776164725422859,0.051990214735269547,0.0,0.01864727772772312,0.0,0.0,0.0,0.0,0.06642402708530426,0.00015891068983721026,,,
1353,True,,0.008405210450291634,0.018862564116716385,,0.0,,,,,,0.002938690595328808,0.050100039690732956,0.0,0.016542531549930573,0.0,0.0,0.0,0.0,0.04874957725405693,0.00015860487008690881,,,
1354,True,,0.007378782145678997,0.015278526581823826,,0.0,,,,,,0.0018473941599950194,0.05090026929974556,0.0,0.01446898840367794,0.0,0.0,0.0,0.0,0.0768989771604538,0.000158299343657417,,,
1355,True,,0.007482650689780712,0.017154529690742493,,0.0,,,,,,0.0026492541655898094,0.04259033501148224,0.0,0.014562483876943588,0.0,0.0,0.0,0.0,0.07611659169197083,0.00015799411131867485,,,
1356,True,,0.008741329424083233,0.015083552338182926,,0.0,,,,,,0.002925556618720293,0.0522434264421463,0.0,0.017042063176631927,0.0,0.0,0.0,0.0,0.10433579981327057,0.00015768917383988116,,,
1357,True,,0.009245687164366245,0.0204252190887928,,0.0,,,,,,0.003416838124394417,0.053401924669742584,0.0,0.018206968903541565,0.0,0.0,0.0,0.0,0.0888078585267067,0.00015738453198949176,,,
1358,True,,0.010181685909628868,0.018285086378455162,,0.0,,,,,,0.004269821103662252,0.05372139811515808,0.0,0.02000649832189083,0.0,0.0,0.0,0.0,0.06875396519899368,0.0001570801865352172,,,
1359,True,,0.009960556402802467,0.018605243414640427,,0.0,,,,,,0.003789695678278804,0.057487983256578445,0.0,0.019685102626681328,0.0,0.0,0.0,0.0,0.06105470284819603,0.0001567761382440215,,,
1360,True,,0.00664482731372118,0.013979298993945122,,0.0,,,,,,0.0020275553688406944,0.041909173130989075,0.0,0.0130030931904912,0.0,0.0,0.0,0.0,0.06266847252845764,0.0001564723878821196,,,
1361,True,,0.0086123151704669,0.01814817450940609,,0.0,,,,,,0.0025271084159612656,0.05505241081118584,0.0,0.016826147213578224,0.0,0.0,0.0,0.0,0.10420486330986023,0.00015616893621497573,,,
1362,True,,0.0066808052361011505,0.01701616309583187,,0.0,,,,,,0.001576875220052898,0.046215228736400604,0.0,0.013049365021288395,0.0,0.0,0.0,0.0,0.08157113194465637,0.00015586578400730115,,,
1363,True,,0.00675745215266943,0.01988515816628933,,0.0,,,,,,0.001988119911402464,0.042540229856967926,0.0,0.013198446482419968,0.0,0.0,0.0,0.0,0.10628317296504974,0.00015556293202305277,,,
1364,True,,0.010382730513811111,0.0207110196352005,,0.0,,,,,,0.004163977690041065,0.056663528084754944,0.0,0.020420171320438385,0.0,0.0,0.0,0.0,0.056021563708782196,0.00015526038102543083,,,
1365,True,,0.009212813340127468,0.018716584891080856,,0.0,,,,,,0.004027854651212692,0.047128498554229736,0.0,0.018140684813261032,0.0,0.0,0.0,0.0,0.0907234400510788,0.00015495813177687705,,,
1366,True,,0.014969026669859886,0.02220076322555542,,0.0,,,,,,0.006663914304226637,0.07675798237323761,0.0,0.02953074686229229,0.0,0.0,0.0,0.0,0.04157897084951401,0.00015465618503907275,,,
1367,True,,0.007951623760163784,0.014948771335184574,,0.0,,,,,,0.0028220107778906822,0.046933241188526154,0.0,0.015616446733474731,0.0,0.0,0.0,0.0,0.04100339859724045,0.00015435454157293688,,,
1368,True,,0.008972316049039364,0.015508794225752354,,0.0,,,,,,0.0034000296145677567,0.05182445049285889,0.0,0.017709877341985703,0.0,0.0,0.0,0.0,0.07443227618932724,0.00015405320213862411,,,
1369,True,,0.011248361319303513,0.017200089991092682,,0.0,,,,,,0.0044642104767262936,0.0628437027335167,0.0,0.022168943658471107,0.0,0.0,0.0,0.0,0.10278061777353287,0.00015375216749552312,,,
1370,True,,0.006213326007127762,0.012068187817931175,,0.0,,,,,,0.001694129197858274,0.04119206964969635,0.0,0.012147344648838043,0.0,0.0,0.0,0.0,0.04728875681757927,0.00015345143840225412,,,
1371,True,,0.01205029059201479,0.018081512302160263,,0.0,,,,,,0.0053383721970021725,0.06155793368816376,0.0,0.023725271224975586,0.0,0.0,0.0,0.0,0.05604768171906471,0.00015315101561666768,,,
1372,True,,0.011161877773702145,0.016919374465942383,,0.0,,,,,,0.0041107116267085075,0.06496649980545044,0.0,0.02193843200802803,0.0,0.0,0.0,0.0,0.16064442694187164,0.00015285089989584233,,,
1373,True,,0.010194960050284863,0.016667166724801064,,0.0,,,,,,0.0037027436774224043,0.059734806418418884,0.0,0.020037855952978134,0.0,0.0,0.0,0.0,0.06458152085542679,0.00015255109199608288,,,
1374,True,,0.007185803260654211,0.015170817263424397,,0.0,,,,,,0.0025501674972474575,0.04233347624540329,0.0,0.01412102673202753,0.0,0.0,0.0,0.0,0.05581270158290863,0.00015225159267291815,,,
1375,True,,0.010282912291586399,0.01944085955619812,,0.0,,,,,,0.00421465840190649,0.053992729634046555,0.0,0.020091252401471138,0.0,0.0,0.0,0.0,0.09472588449716568,0.0001519524026810996,,,
1376,True,,0.014230864122509956,0.01940712332725525,,0.0,,,,,,0.00718348752707243,0.0643160417675972,0.0,0.028040027245879173,0.0,0.0,0.0,0.0,0.06007503718137741,0.00015165352277459916,,,
1377,True,,0.011289539746940136,0.01885777711868286,,0.0,,,,,,0.005395185202360153,0.053852155804634094,0.0,0.022258520126342773,0.0,0.0,0.0,0.0,0.06673281639814377,0.00015135495370660707,,,
1378,True,,0.008653147146105766,0.014921467751264572,,0.0,,,,,,0.002489004982635379,0.05707192420959473,0.0,0.01699855923652649,0.0,0.0,0.0,0.0,0.10211353003978729,0.0001510566962295305,,,
1379,True,,0.008878142572939396,0.019487936049699783,,0.0,,,,,,0.0030379656236618757,0.05453980714082718,0.0,0.017564967274665833,0.0,0.0,0.0,0.0,0.07537072151899338,0.00015075875109499135,,,
1380,True,,0.009266852401196957,0.01633383333683014,,0.0,,,,,,0.0030205610673874617,0.05846960470080376,0.0,0.0182977132499218,0.0,0.0,0.0,0.0,0.05500631034374237,0.00015046111905382432,,,
1381,True,,0.009956082329154015,0.02053298056125641,,0.0,,,,,,0.0036601079627871513,0.058128323405981064,0.0,0.019634351134300232,0.0,0.0,0.0,0.0,0.05121145024895668,0.00015016380085607517,,,
1382,True,,0.007709586061537266,0.01970848999917507,,0.0,,,,,,0.0024276592303067446,0.04680228978395462,0.0,0.015014559030532837,0.0,0.0,0.0,0.0,0.09079926460981369,0.00014986679725099874,,,
1383,True,,0.010149317793548107,0.01709895208477974,,0.0,,,,,,0.003176560625433922,0.0637703388929367,0.0,0.019873902201652527,0.0,0.0,0.0,0.0,0.08600139617919922,0.00014957010898705708,,,
1384,True,,0.008503152057528496,0.016269199550151825,,0.0,,,,,,0.0030082501471042633,0.05077904835343361,0.0,0.016751999035477638,0.0,0.0,0.0,0.0,0.0589345321059227,0.0001492737368119177,,,
1385,True,,0.00708917248994112,0.014434710144996643,,0.0,,,,,,0.002417527139186859,0.04315461963415146,0.0,0.013966508209705353,0.0,0.0,0.0,0.0,0.07612808048725128,0.00014897768147245118,,,
1386,True,,0.008762276731431484,0.017463460564613342,,0.0,,,,,,0.0030899024568498135,0.0527801513671875,0.0,0.017304828390479088,0.0,0.0,0.0,0.0,0.05233367905020714,0.00014868194371473,,,
1387,True,,0.007096447981894016,0.013603297993540764,,0.0,,,,,,0.002191960345953703,0.04495164006948471,0.0,0.013919604942202568,0.0,0.0,0.0,0.0,0.09809336811304092,0.00014838652428402627,,,
1388,True,,0.007499713450670242,0.014674441888928413,,0.0,,,,,,0.0026640433352440596,0.04416736960411072,0.0,0.014727238565683365,0.0,0.0,0.0,0.0,0.10020150244235992,0.0001480914239248099,,,
1389,True,,0.010953646153211594,0.02019619196653366,,0.0,,,,,,0.003857087343931198,0.06646627187728882,0.0,0.02165932208299637,0.0,0.0,0.0,0.0,0.052496571093797684,0.0001477966433807465,,,
1390,True,,0.009866923093795776,0.018700793385505676,,0.0,,,,,,0.0033873170614242554,0.05906207859516144,0.0,0.019347455352544785,0.0,0.0,0.0,0.0,0.06640340387821198,0.00014750218339469606,,,
1391,True,,0.010852526873350143,0.018358133733272552,,0.0,,,,,,0.0038174595683813095,0.0649338811635971,0.0,0.021346956491470337,0.0,0.0,0.0,0.0,0.06157577410340309,0.00014720804470871052,,,
1392,True,,0.012552833184599876,0.019018065184354782,,0.0,,,,,,0.00582503667101264,0.06256367266178131,0.0,0.024824418127536774,0.0,0.0,0.0,0.0,0.06028629466891289,0.0001469142280640323,,,
1393,True,,0.008196333423256874,0.02190859615802765,,0.0,,,,,,0.00299773458391428,0.04631824791431427,0.0,0.0160449780523777,0.0,0.0,0.0,0.0,0.11599759012460709,0.0001466207342010921,,,
1394,True,,0.009667949751019478,0.018069565296173096,,0.0,,,,,,0.004373472183942795,0.048196662217378616,0.0,0.01904178410768509,0.0,0.0,0.0,0.0,0.039539363235235214,0.00014632756385950729,,,
1395,True,,0.008158204145729542,0.01737195998430252,,0.0,,,,,,0.0027680890634655952,0.04990498721599579,0.0,0.0160905122756958,0.0,0.0,0.0,0.0,0.06663213670253754,0.00014603471777807994,,,
1396,True,,0.006016375031322241,0.01631469652056694,,0.0,,,,,,0.0025895810686051846,0.03021765500307083,0.0,0.011790867894887924,0.0,0.0,0.0,0.0,0.08117642253637314,0.00014574219669479506,,,
1397,True,,0.009071910753846169,0.015201454982161522,,0.0,,,,,,0.0035891029983758926,0.05013652890920639,0.0,0.017826680094003677,0.0,0.0,0.0,0.0,0.047175489366054535,0.00014545000134681837,,,
1398,True,,0.008870863355696201,0.015247797593474388,,0.0,,,,,,0.003139404347166419,0.05281797796487808,0.0,0.017444543540477753,0.0,0.0,0.0,0.0,0.059189409017562866,0.00014515813247049496,,,
1399,True,,0.010093444027006626,0.01775076799094677,,0.0,,,,,,0.0038671919610351324,0.05750969424843788,0.0,0.019889112561941147,0.0,0.0,0.0,0.0,0.06011105328798294,0.00014486659080134722,,,
1400,True,,0.006648062262684107,0.011674776673316956,,0.0,,,,,,0.001886368147097528,0.04393651708960533,0.0,0.013044830411672592,0.0,0.0,0.0,0.0,0.042272377759218216,0.00014457537707407287,0.01801097832910414,0.001981400148823047,0.029269006831120374
1401,True,,0.011980234645307064,0.018988341093063354,,0.0,,,,,,0.004866674542427063,0.0665670782327652,0.0,0.023693501949310303,0.0,0.0,0.0,0.0,0.08448857814073563,0.00014428449202254313,,,
1402,True,,0.006374045740813017,0.0130768408998847,,0.0,,,,,,0.002080237492918968,0.03848118335008621,0.0,0.012433170340955257,0.0,0.0,0.0,0.0,0.08211347460746765,0.00014399393637980106,,,
1403,True,,0.01281573623418808,0.01958758383989334,,0.0,,,,,,0.005859270691871643,0.06413136422634125,0.0,0.025284018367528915,0.0,0.0,0.0,0.0,0.056143566966056824,0.00014370371087805967,,,
1404,True,,0.011444579809904099,0.018974609673023224,,0.0,,,,,,0.003962595947086811,0.0696408823132515,0.0,0.022561009973287582,0.0,0.0,0.0,0.0,0.0604439340531826,0.00014341381624869982,,,
1405,True,,0.006060123443603516,0.014562721364200115,,0.0,,,,,,0.0023046033456921577,0.032905854284763336,0.0,0.011800939217209816,0.0,0.0,0.0,0.0,0.05141172930598259,0.0001431242532222686,,,
1406,True,,0.008673669770359993,0.013373561203479767,,0.0,,,,,,0.0028823022730648518,0.05262584984302521,0.0,0.01695229299366474,0.0,0.0,0.0,0.0,0.09978888928890228,0.00014283502252847747,,,
1407,True,,0.00743327708914876,0.013879071921110153,,0.0,,,,,,0.0031596317421644926,0.03999693691730499,0.0,0.014731393195688725,0.0,0.0,0.0,0.0,0.06746044009923935,0.0001425461248962005,,,
1408,True,,0.009165817871689796,0.01673130691051483,,0.0,,,,,,0.003861075034365058,0.049623627215623856,0.0,0.018156569451093674,0.0,0.0,0.0,0.0,0.0420609787106514,0.00014225756105347225,,,
1409,True,,0.010163217782974243,0.016155637800693512,,0.0,,,,,,0.003757437225431204,0.06092432886362076,0.0,0.020174644887447357,0.0,0.0,0.0,0.0,0.06283298134803772,0.00014196933172748628,,,
1410,True,,0.010497692041099072,0.02198171801865101,,0.0,,,,,,0.004122057463973761,0.05867352336645126,0.0,0.020706918090581894,0.0,0.0,0.0,0.0,0.0737210363149643,0.000141681437644593,,,
1411,True,,0.008210667409002781,0.01597438007593155,,0.0,,,,,,0.0031208437867462635,0.0472865030169487,0.0,0.016219906508922577,0.0,0.0,0.0,0.0,0.049750182777643204,0.00014139387953029825,,,
1412,True,,0.006564758252352476,0.01196073368191719,,0.0,,,,,,0.0018800970865413547,0.042012665420770645,0.0,0.012765729799866676,0.0,0.0,0.0,0.0,0.05904832109808922,0.00014110665810926077,,,
1413,True,,0.010646396316587925,0.017703097313642502,,0.0,,,,,,0.003929998259991407,0.06278963387012482,0.0,0.021032389253377914,0.0,0.0,0.0,0.0,0.02953360043466091,0.00014081977410529122,,,
1414,True,,0.00871860608458519,0.016284281387925148,,0.0,,,,,,0.002923577558249235,0.05409538745880127,0.0,0.017214566469192505,0.0,0.0,0.0,0.0,0.04311222583055496,0.0001405332282413498,,,
1415,True,,0.007059434894472361,0.014569364488124847,,0.0,,,,,,0.0024648956023156643,0.04077570140361786,0.0,0.013747594319283962,0.0,0.0,0.0,0.0,0.06875500828027725,0.00014024702123954463,,,
1416,True,,0.012905417941510677,0.02310698851943016,,0.0,,,,,,0.005687986500561237,0.06632684916257858,0.0,0.02545715868473053,0.0,0.0,0.0,0.0,0.07832452654838562,0.00013996115382112982,,,
1417,True,,0.005141064524650574,0.014188151806592941,,0.0,,,,,,0.0014019052032381296,0.03348226100206375,0.0,0.0100330775603652,0.0,0.0,0.0,0.0,0.09054100513458252,0.00013967562670650374,,,
1418,True,,0.00846799835562706,0.01360579114407301,,0.0,,,,,,0.0033761742524802685,0.04690995067358017,0.0,0.016671225428581238,0.0,0.0,0.0,0.0,0.060987502336502075,0.00013939044061520717,,,
1419,True,,0.00973416119813919,0.031337007880210876,,0.0,,,,,,0.004174435511231422,0.048046886920928955,0.0,0.019026655703783035,0.0,0.0,0.0,0.0,0.10277151316404343,0.00013910559626592153,,,
1420,True,,0.009450029581785202,0.013796665705740452,,0.0,,,,,,0.003298274939879775,0.05574049428105354,0.0,0.01846032217144966,0.0,0.0,0.0,0.0,0.10774275660514832,0.00013882109437646705,,,
1421,True,,0.012788878753781319,0.01788436248898506,,0.0,,,,,,0.006244234275072813,0.06042783707380295,0.0,0.025254741311073303,0.0,0.0,0.0,0.0,0.08940409868955612,0.0001385369356638009,,,
1422,True,,0.012656628154218197,0.021708715707063675,,0.0,,,,,,0.005170687101781368,0.07089371979236603,0.0,0.025133773684501648,0.0,0.0,0.0,0.0,0.050154540687799454,0.00013825312084401542,,,
1423,True,,0.008294436149299145,0.01736004836857319,,0.0,,,,,,0.003490706905722618,0.04364795610308647,0.0,0.01632354035973549,0.0,0.0,0.0,0.0,0.05366670712828636,0.0001379696506323364,,,
1424,True,,0.008912446908652782,0.016294380649924278,,0.0,,,,,,0.0030152599792927504,0.05329621583223343,0.0,0.017420273274183273,0.0,0.0,0.0,0.0,0.06686042994260788,0.00013768652574312106,,,
1425,True,,0.009029694832861423,0.016964495182037354,,0.0,,,,,,0.0034079421311616898,0.05070909112691879,0.0,0.017678191885352135,0.0,0.0,0.0,0.0,0.0660729855298996,0.00013740374688985657,,,
1426,True,,0.005349799524992704,0.015278976410627365,,0.0,,,,,,0.001541506266221404,0.034624554216861725,0.0,0.010506551712751389,0.0,0.0,0.0,0.0,0.07205706089735031,0.00013712131478515793,,,
1427,True,,0.0090797645971179,0.014627550728619099,,0.0,,,,,,0.00308794341981411,0.05532456189393997,0.0,0.01784643903374672,0.0,0.0,0.0,0.0,0.06619461625814438,0.00013683923014076648,,,
1428,True,,0.010261621326208115,0.017720485106110573,,0.0,,,,,,0.004232259467244148,0.055993612855672836,0.0,0.020270446315407753,0.0,0.0,0.0,0.0,0.06333992630243301,0.00013655749366754766,,,
1429,True,,0.008032817393541336,0.017317242920398712,,0.0,,,,,,0.002269026357680559,0.05202983319759369,0.0,0.015677999705076218,0.0,0.0,0.0,0.0,0.06926000118255615,0.00013627610607548984,,,
1430,True,,0.010573389939963818,0.014586727134883404,,0.0,,,,,,0.00510959979146719,0.050151094794273376,0.0,0.02084396779537201,0.0,0.0,0.0,0.0,0.04768577590584755,0.00013599506807370195,,,
1431,True,,0.011620471253991127,0.02275395393371582,,0.0,,,,,,0.005974981468170881,0.05120289325714111,0.0,0.02294328063726425,0.0,0.0,0.0,0.0,0.09075096249580383,0.0001357143803704121,,,
1432,True,,0.010357021354138851,0.017635097727179527,,0.0,,,,,,0.003834143979474902,0.05990895628929138,0.0,0.020358411595225334,0.0,0.0,0.0,0.0,0.1047651618719101,0.00013543404367296553,,,
1433,True,,0.007624827791005373,0.0156614538282156,,0.0,,,,,,0.002375656273216009,0.04727278649806976,0.0,0.014884376898407936,0.0,0.0,0.0,0.0,0.056043438613414764,0.00013515405868782287,,,
1434,True,,0.007662703283131123,0.019245758652687073,,0.0,,,,,,0.00252347975037992,0.04684917628765106,0.0,0.015063558705151081,0.0,0.0,0.0,0.0,0.05694650858640671,0.00013487442612055862,,,
1435,True,,0.006618826650083065,0.014621825888752937,,0.0,,,,,,0.002648724941536784,0.03584550693631172,0.0,0.012998320162296295,0.0,0.0,0.0,0.0,0.04600340873003006,0.000134595146675859,,,
1436,True,,0.0072247725911438465,0.01635274477303028,,0.0,,,,,,0.0023765151854604483,0.04426683485507965,0.0,0.01419149897992611,0.0,0.0,0.0,0.0,0.09575142711400986,0.00013431622105752045,,,
1437,True,,0.010300794616341591,0.01687391847372055,,0.0,,,,,,0.0036959282588213682,0.06150830537080765,0.0,0.020316291600465775,0.0,0.0,0.0,0.0,0.07576324790716171,0.0001340376499684477,,,
1438,True,,0.006370005663484335,0.015326166525483131,,0.0,,,,,,0.0018763327971100807,0.04141555726528168,0.0,0.012541156262159348,0.0,0.0,0.0,0.0,0.07653321325778961,0.000133759434110652,,,
1439,True,,0.013929369859397411,0.020305000245571136,,0.0,,,,,,0.006867571733891964,0.06598503887653351,0.0,0.027598494663834572,0.0,0.0,0.0,0.0,0.058697473257780075,0.00013348157418524958,,,
1440,True,,0.012365992181003094,0.020124373957514763,,0.0,,,,,,0.005857424810528755,0.060011785477399826,0.0,0.024425838142633438,0.0,0.0,0.0,0.0,0.06280019879341125,0.00013320407089245949,,,
1441,True,,0.008594776503741741,0.018172014504671097,,0.0,,,,,,0.003410722827538848,0.04749895632266998,0.0,0.01693711429834366,0.0,0.0,0.0,0.0,0.053294964134693146,0.00013292692493160213,,,
1442,True,,0.00950623955577612,0.015601273626089096,,0.0,,,,,,0.003464893903583288,0.056123241782188416,0.0,0.018739469349384308,0.0,0.0,0.0,0.0,0.051001694053411484,0.00013265013700109745,,,
1443,True,,0.011046829633414745,0.017396705225110054,,0.0,,,,,,0.005202242638915777,0.054834477603435516,0.0,0.02190648764371872,0.0,0.0,0.0,0.0,0.05103052780032158,0.0001323737077984632,,,
1444,True,,0.007195955608040094,0.014719822444021702,,0.0,,,,,,0.0034618452191352844,0.03309539705514908,0.0,0.014114538207650185,0.0,0.0,0.0,0.0,0.0500703826546669,0.00013209763802031287,,,
1445,True,,0.00928636733442545,0.013406829908490181,,0.0,,,,,,0.003581531345844269,0.053385112434625626,0.0,0.01834047958254814,0.0,0.0,0.0,0.0,0.04961906746029854,0.0001318219283623545,,,
1446,True,,0.012074866332113743,0.0177491195499897,,0.0,,,,,,0.005578438751399517,0.059503890573978424,0.0,0.0237811841070652,0.0,0.0,0.0,0.0,0.09742513298988342,0.0001315465795193884,,,
1447,True,,0.006435310002416372,0.012185650877654552,,0.0,,,,,,0.002040767576545477,0.039537057280540466,0.0,0.012551640160381794,0.0,0.0,0.0,0.0,0.06123637780547142,0.0001312715921853057,,,
1448,True,,0.01668526791036129,0.02596978284418583,,0.0,,,,,,0.007709725759923458,0.08387488126754761,0.0,0.03304217755794525,0.0,0.0,0.0,0.0,0.05515808239579201,0.00013099696705308646,,,
1449,True,,0.006518973968923092,0.013993165455758572,,0.0,,,,,,0.0018515659030526876,0.04224187880754471,0.0,0.012734659016132355,0.0,0.0,0.0,0.0,0.06761237233877182,0.00013072270481479805,,,
1450,True,,0.008756041526794434,0.017962206155061722,,0.0,,,,,,0.003202620428055525,0.05035536736249924,0.0,0.017173821106553078,0.0,0.0,0.0,0.0,0.056283630430698395,0.00013044880616159331,,,
1451,True,,0.009661280550062656,0.018206732347607613,,0.0,,,,,,0.0035788249224424362,0.05673644319176674,0.0,0.01909581758081913,0.0,0.0,0.0,0.0,0.05886353179812431,0.00013017527178370874,,,
1452,True,,0.009306390769779682,0.016830040141940117,,0.0,,,,,,0.004104019608348608,0.048412173986434937,0.0,0.01841992884874344,0.0,0.0,0.0,0.0,0.04832134023308754,0.00012990210237046293,,,
1453,True,,0.007694988511502743,0.017635922878980637,,0.0,,,,,,0.0021926630288362503,0.05020185932517052,0.0,0.01508419681340456,0.0,0.0,0.0,0.0,0.06228084862232208,0.00012962929861025472,,,
1454,True,,0.008690375834703445,0.013747992925345898,,0.0,,,,,,0.0033692680299282074,0.049727387726306915,0.0,0.017169862985610962,0.0,0.0,0.0,0.0,0.05779833346605301,0.00012935686119056158,,,
1455,True,,0.00852535292506218,0.02127719670534134,,0.0,,,,,,0.0029425485990941525,0.05103842914104462,0.0,0.016784515231847763,0.0,0.0,0.0,0.0,0.08740377426147461,0.00012908479079793756,,,
1456,True,,0.01600039191544056,0.018897268921136856,,0.0,,,,,,0.007145073264837265,0.08405756205320358,0.0,0.03174019604921341,0.0,0.0,0.0,0.0,0.06438227742910385,0.00012881308811801202,,,
1457,True,,0.00685718422755599,0.013091502711176872,,0.0,,,,,,0.0024613267742097378,0.040029577910900116,0.0,0.013452384620904922,0.0,0.0,0.0,0.0,0.06743314117193222,0.0001285417538354876,,,
1458,True,,0.008324229158461094,0.01762012206017971,,0.0,,,,,,0.0029960880056023598,0.04864044860005379,0.0,0.016360564157366753,0.0,0.0,0.0,0.0,0.05275341495871544,0.0001282707886341385,,,
1459,True,,0.008182366378605366,0.015084165148437023,,0.0,,,,,,0.0033293720334768295,0.044237375259399414,0.0,0.016086317598819733,0.0,0.0,0.0,0.0,0.0933697521686554,0.00012800019319680886,,,
1460,True,,0.009641868993639946,0.01711582951247692,,0.0,,,,,,0.0026449058204889297,0.06436603516340256,0.0,0.018894536420702934,0.0,0.0,0.0,0.0,0.08524798601865768,0.00012772996820541093,,,
1461,True,,0.01094366516917944,0.016596591100096703,,0.0,,,,,,0.005560483317822218,0.048743147403001785,0.0,0.021544430404901505,0.0,0.0,0.0,0.0,0.10290995240211487,0.00012746011434092364,,,
1462,True,,0.010148351080715656,0.017991576343774796,,0.0,,,,,,0.003363700583577156,0.06109621375799179,0.0,0.019801588729023933,0.0,0.0,0.0,0.0,0.09100078046321869,0.00012719063228339037,,,
1463,True,,0.00876967515796423,0.015209830366075039,,0.0,,,,,,0.003543653292581439,0.04861289635300636,0.0,0.0173267163336277,0.0,0.0,0.0,0.0,0.04644690081477165,0.00012692152271191772,,,
1464,True,,0.012032058089971542,0.016301723197102547,,0.0,,,,,,0.005582752637565136,0.05992639437317848,0.0,0.023770466446876526,0.0,0.0,0.0,0.0,0.1188349574804306,0.00012665278630467357,,,
1465,True,,0.00998941995203495,0.016615107655525208,,0.0,,,,,,0.0034064147621393204,0.06219535320997238,0.0,0.01978152245283127,0.0,0.0,0.0,0.0,0.041358668357133865,0.00012638442373888548,,,
1466,True,,0.014246389269828796,0.019766058772802353,,0.0,,,,,,0.006159634795039892,0.07575063407421112,0.0,0.02817874774336815,0.0,0.0,0.0,0.0,0.059064995497465134,0.00012611643569083875,,,
1467,True,,0.008225774392485619,0.018185265362262726,,0.0,,,,,,0.0029570492915809155,0.048341117799282074,0.0,0.016198787838220596,0.0,0.0,0.0,0.0,0.049392420798540115,0.0001258488228358749,,,
1468,True,,0.005234796553850174,0.014439444988965988,,0.0,,,,,,0.001643373048864305,0.032793767750263214,0.0,0.010301941074430943,0.0,0.0,0.0,0.0,0.050169769674539566,0.00012558158584839013,,,
1469,True,,0.007831298746168613,0.01490722130984068,,0.0,,,,,,0.0026838979683816433,0.047634292393922806,0.0,0.015427698381245136,0.0,0.0,0.0,0.0,0.06002515181899071,0.0001253147254018332,,,
1470,True,,0.006536283530294895,0.015464365482330322,,0.0,,,,,,0.0019357128767296672,0.04265627637505531,0.0,0.012892268598079681,0.0,0.0,0.0,0.0,0.036651868373155594,0.00012504824216870425,,,
1471,True,,0.009621755219995975,0.024376582354307175,,0.0,,,,,,0.0033110082149505615,0.058871470391750336,0.0,0.01906367763876915,0.0,0.0,0.0,0.0,0.11046351492404938,0.0001247821368205525,,,
1472,True,,0.013024219311773777,0.021872613579034805,,0.0,,,,,,0.005565036088228226,0.06891538202762604,0.0,0.025699518620967865,0.0,0.0,0.0,0.0,0.03940137103199959,0.0001245164100279751,,,
1473,True,,0.007900885306298733,0.01455279067158699,,0.0,,,,,,0.0032016399782150984,0.04332122951745987,0.0,0.015580175444483757,0.0,0.0,0.0,0.0,0.05056997761130333,0.0001242510624606152,,,
1474,True,,0.009290575049817562,0.015319166705012321,,0.0,,,,,,0.003961484879255295,0.048151977360248566,0.0,0.0182204507291317,0.0,0.0,0.0,0.0,0.10694733262062073,0.00012398609478716025,,,
1475,True,,0.009680129587650299,0.016060788184404373,,0.0,,,,,,0.003560670418664813,0.05713890865445137,0.0,0.019115298986434937,0.0,0.0,0.0,0.0,0.0514974445104599,0.0001237215076753403,,,
1476,True,,0.009408353827893734,0.0157646294683218,,0.0,,,,,,0.003959666937589645,0.05047016590833664,0.0,0.01857268437743187,0.0,0.0,0.0,0.0,0.06420300900936127,0.0001234573017919265,,,
1477,True,,0.013515620492398739,0.018172647804021835,,0.0,,,,,,0.005805208347737789,0.07209967076778412,0.0,0.02671252191066742,0.0,0.0,0.0,0.0,0.09211157262325287,0.00012319347780272917,,,
1478,True,,0.006603340618312359,0.012278413400053978,,0.0,,,,,,0.002550978446379304,0.0375736728310585,0.0,0.01303447037935257,0.0,0.0,0.0,0.0,0.05036401376128197,0.00012293003637259636,,,
1479,True,,0.007852754555642605,0.014731447212398052,,0.0,,,,,,0.0018834841903299093,0.05419418215751648,0.0,0.015302971005439758,0.0,0.0,0.0,0.0,0.07337786257266998,0.00012266697816541188,,,
1480,True,,0.01061292551457882,0.017818890511989594,,0.0,,,,,,0.004109105560928583,0.06083041429519653,0.0,0.0209832601249218,0.0,0.0,0.0,0.0,0.09039424359798431,0.00012240430384409385,,,
1481,True,,0.00777403824031353,0.019969427958130836,,0.0,,,,,,0.0028367117047309875,0.04563065618276596,0.0,0.015373509377241135,0.0,0.0,0.0,0.0,0.0630238950252533,0.00012214201407059324,,,
1482,True,,0.012956902384757996,0.018419174477458,,0.0,,,,,,0.006574259605258703,0.05948030203580856,0.0,0.025663383305072784,0.0,0.0,0.0,0.0,0.0794731006026268,0.00012188010950589152,,,
1483,True,,0.011330915614962578,0.018283430486917496,,0.0,,,,,,0.004934151656925678,0.05871344730257988,0.0,0.022319246083498,0.0,0.0,0.0,0.0,0.04023623839020729,0.00012161859080999972,,,
1484,True,,0.010817828588187695,0.018490290269255638,,0.0,,,,,,0.004515662789344788,0.05786995589733124,0.0,0.0213053897023201,0.0,0.0,0.0,0.0,0.09549111872911453,0.00012135745864195632,,,
1485,True,,0.008212655782699585,0.017471928149461746,,0.0,,,,,,0.0033943960443139076,0.04385548457503319,0.0,0.01616732031106949,0.0,0.0,0.0,0.0,0.09034162014722824,0.00012109671365982593,,,
1486,True,,0.006936448626220226,0.013499021530151367,,0.0,,,,,,0.0026461693923920393,0.03881998360157013,0.0,0.013599606230854988,0.0,0.0,0.0,0.0,0.05378018319606781,0.00012083635652069713,,,
1487,True,,0.010878518223762512,0.016356995329260826,,0.0,,,,,,0.005050655920058489,0.05352368578314781,0.0,0.02144511230289936,0.0,0.0,0.0,0.0,0.08497284352779388,0.00012057638788068132,,,
1488,True,,0.011417760513722897,0.018807020038366318,,0.0,,,,,,0.004964594729244709,0.05906205624341965,0.0,0.02247663214802742,0.0,0.0,0.0,0.0,0.10800117999315262,0.00012031680839491082,,,
1489,True,,0.007362474221736193,0.01579732447862625,,0.0,,,,,,0.002713260008022189,0.04211531579494476,0.0,0.014445238746702671,0.0,0.0,0.0,0.0,0.05746007338166237,0.00012005761871753732,,,
1490,True,,0.007628460414707661,0.015828048810362816,,0.0,,,,,,0.00282697519287467,0.0431959293782711,0.0,0.014933308586478233,0.0,0.0,0.0,0.0,0.10094451904296875,0.00011979881950173009,,,
1491,True,,0.00968504324555397,0.01881798729300499,,0.0,,,,,,0.0032471483573317528,0.05824798345565796,0.0,0.01894516870379448,0.0,0.0,0.0,0.0,0.058085955679416656,0.00011954041139967444,,,
1492,True,,0.008309468626976013,0.01675359718501568,,0.0,,,,,,0.0028096376918256283,0.05076581984758377,0.0,0.016363224014639854,0.0,0.0,0.0,0.0,0.06953103095293045,0.0001192823950625701,,,
1493,True,,0.012989980168640614,0.02267898991703987,,0.0,,,,,,0.005460268817842007,0.06972529739141464,0.0,0.025649569928646088,0.0,0.0,0.0,0.0,0.06424670666456223,0.00011902477114062957,,,
1494,True,,0.009283981285989285,0.017055699601769447,,0.0,,,,,,0.003463862231001258,0.05350587144494057,0.0,0.01826898753643036,0.0,0.0,0.0,0.0,0.0840335264801979,0.00011876754028307622,,,
1495,True,,0.009327393025159836,0.014136343263089657,,0.0,,,,,,0.003171453718096018,0.057351142168045044,0.0,0.018375324085354805,0.0,0.0,0.0,0.0,0.17388643324375153,0.00011851070313814314,,,
1496,True,,0.011407540179789066,0.016479909420013428,,0.0,,,,,,0.005128579679876566,0.05846991017460823,0.0,0.02254791185259819,0.0,0.0,0.0,0.0,0.06614484637975693,0.00011825426035307114,,,
1497,True,,0.011455731466412544,0.019309479743242264,,0.0,,,,,,0.0039145248010754585,0.0721609964966774,0.0,0.022779449820518494,0.0,0.0,0.0,0.0,0.05212153121829033,0.0001179982125741073,,,
1498,True,,0.01322521734982729,0.017368707805871964,,0.0,,,,,,0.005873705260455608,0.06924451887607574,0.0,0.02619706094264984,0.0,0.0,0.0,0.0,0.06788971275091171,0.00011774256044650309,,,
1499,True,,0.00863915216177702,0.017831455916166306,,0.0,,,,,,0.0024991303216665983,0.056190893054008484,0.0,0.016935687512159348,0.0,0.0,0.0,0.0,0.08678935468196869,0.00011748730461451304,,,
1500,True,,0.009429399855434895,0.016586724668741226,,0.0,,,,,,0.003491560695692897,0.05478998273611069,0.0,0.0185658261179924,0.0,0.0,0.0,0.0,0.04949049651622772,0.00011723244572139305,0.018251777651499088,0.00381032806758276,0.03333336210243829
1501,True,,0.013392916880548,0.02251952700316906,,0.0,,,,,,0.006324596703052521,0.06586901843547821,0.0,0.02652961015701294,0.0,0.0,0.0,0.0,0.04727095738053322,0.00011697798440939866,,,
1502,True,,0.005043195094913244,0.010603165253996849,,0.0,,,,,,0.0015618301695212722,0.03153504058718681,0.0,0.009864561259746552,0.0,0.0,0.0,0.0,0.03743511065840721,0.00011672392131978346,,,
1503,True,,0.008577793836593628,0.019052710384130478,,0.0,,,,,,0.0030962699092924595,0.05074864625930786,0.0,0.016939455643296242,0.0,0.0,0.0,0.0,0.05584681034088135,0.00011647025709279755,,,
1504,True,,0.009584263898432255,0.014713374897837639,,0.0,,,,,,0.003634077962487936,0.05575281381607056,0.0,0.0189407579600811,0.0,0.0,0.0,0.0,0.05479263886809349,0.00011621699236768582,,,
1505,True,,0.010648812167346478,0.01541205681860447,,0.0,,,,,,0.0051481518894433975,0.05096413940191269,0.0,0.021047499030828476,0.0,0.0,0.0,0.0,0.05147523805499077,0.00011596412778268656,,,
1506,True,,0.00935412384569645,0.01570248417556286,,0.0,,,,,,0.004095619078725576,0.04838690906763077,0.0,0.018445458263158798,0.0,0.0,0.0,0.0,0.046007171273231506,0.0001157116639750294,,,
1507,True,,0.008257769048213959,0.013491530902683735,,0.0,,,,,,0.00283071119338274,0.050193823873996735,0.0,0.016242777928709984,0.0,0.0,0.0,0.0,0.06247182562947273,0.0001154596015809342,,,
1508,True,,0.008803321979939938,0.02356887236237526,,0.0,,,,,,0.0025698174722492695,0.05870698392391205,0.0,0.01747952774167061,0.0,0.0,0.0,0.0,0.10728568583726883,0.00011520794123560924,,,
1509,True,,0.012522063218057156,0.022724561393260956,,0.0,,,,,,0.005357973277568817,0.06717510521411896,0.0,0.02482479251921177,0.0,0.0,0.0,0.0,0.05567309632897377,0.00011495668357324964,,,
1510,True,,0.009733881801366806,0.018267393112182617,,0.0,,,,,,0.0042133028618991375,0.05060664936900139,0.0,0.019190523773431778,0.0,0.0,0.0,0.0,0.04281342402100563,0.00011470582922703555,,,
1511,True,,0.009112412109971046,0.01694730669260025,,0.0,,,,,,0.004029511474072933,0.047271858900785446,0.0,0.018038582056760788,0.0,0.0,0.0,0.0,0.04172733053565025,0.00011445537882913092,,,
1512,True,,0.007317118346691132,0.016664108261466026,,0.0,,,,,,0.0022843892220407724,0.04677979648113251,0.0,0.014446128159761429,0.0,0.0,0.0,0.0,0.08276675641536713,0.0001142053330106817,,,
1513,True,,0.00858822837471962,0.017467917874455452,,0.0,,,,,,0.0028441338799893856,0.05300083011388779,0.0,0.01690712384879589,0.0,0.0,0.0,0.0,0.06822555512189865,0.00011395569240181433,,,
1514,True,,0.008598249405622482,0.015528642572462559,,0.0,,,,,,0.002754414454102516,0.05483642965555191,0.0,0.016991592943668365,0.0,0.0,0.0,0.0,0.03767875209450722,0.00011370645763163391,,,
1515,True,,0.009578255005180836,0.015812840312719345,,0.0,,,,,,0.004333334509283304,0.04868205636739731,0.0,0.01893792301416397,0.0,0.0,0.0,0.0,0.05028431490063667,0.00011345762932822303,,,
1516,True,,0.011995116248726845,0.019069332629442215,,0.0,,,,,,0.0042253839783370495,0.07396132498979568,0.0,0.023807324469089508,0.0,0.0,0.0,0.0,0.06832961738109589,0.00011320920811863988,,,
1517,True,,0.002942093648016453,0.009821278043091297,,0.0,,,,,,0.0007049263222143054,0.019044017419219017,0.0,0.005649634636938572,0.0,0.0,0.0,0.0,0.08941474556922913,0.00011296119462891675,,,
1518,True,,0.012925615534186363,0.02313048765063286,,0.0,,,,,,0.006022072397172451,0.06524290144443512,0.0,0.02570328302681446,0.0,0.0,0.0,0.0,0.046043626964092255,0.00011271358948405843,,,
1519,True,,0.007237306796014309,0.011823350563645363,,0.0,,,,,,0.0029913156758993864,0.0384492352604866,0.0,0.014191780239343643,0.0,0.0,0.0,0.0,0.07831680774688721,0.00011246639330804073,,,
1520,True,,0.008122156374156475,0.01740626059472561,,0.0,,,,,,0.00234984140843153,0.05315101891756058,0.0,0.015961162745952606,0.0,0.0,0.0,0.0,0.07249782234430313,0.00011221960672380888,,,
1521,True,,0.009834592230618,0.018415112048387527,,0.0,,,,,,0.0038677379488945007,0.05499422177672386,0.0,0.01938590407371521,0.0,0.0,0.0,0.0,0.08586021512746811,0.00011197323035327569,,,
1522,True,,0.0064428276382386684,0.012777434661984444,,0.0,,,,,,0.001682140282355249,0.04386758804321289,0.0,0.012639501132071018,0.0,0.0,0.0,0.0,0.08426555246114731,0.00011172726481732045,,,
1523,True,,0.011609162203967571,0.01921408250927925,,0.0,,,,,,0.004177936352789402,0.0702662467956543,0.0,0.023005865514278412,0.0,0.0,0.0,0.0,0.04108838364481926,0.00011148171073578706,,,
1524,True,,0.009700085036456585,0.017983602359890938,,0.0,,,,,,0.0037788969930261374,0.056007903069257736,0.0,0.019259609282016754,0.0,0.0,0.0,0.0,0.03611690551042557,0.00011123656872748258,,,
1525,True,,0.010224511846899986,0.0186347384005785,,0.0,,,,,,0.0033857240341603756,0.06335049867630005,0.0,0.020131632685661316,0.0,0.0,0.0,0.0,0.042063530534505844,0.00011099183941017546,,,
1526,True,,0.010054262354969978,0.01982608437538147,,0.0,,,,,,0.003943932242691517,0.05704165995121002,0.0,0.019900619983673096,0.0,0.0,0.0,0.0,0.059041041880846024,0.0001107475234005943,,,
1527,True,,0.01007681991904974,0.018106307834386826,,0.0,,,,,,0.003148071002215147,0.06506767868995667,0.0,0.01991272158920765,0.0,0.0,0.0,0.0,0.06946025043725967,0.00011050362131442612,,,
1528,True,,0.010557146742939949,0.0181192085146904,,0.0,,,,,,0.004272050689905882,0.060143034905195236,0.0,0.021024692803621292,0.0,0.0,0.0,0.0,0.06668912619352341,0.00011026013376631487,,,
1529,True,,0.011994675733149052,0.019521843641996384,,0.0,,,,,,0.00566138094291091,0.05939636006951332,0.0,0.023790910840034485,0.0,0.0,0.0,0.0,0.038475945591926575,0.00011001706136985976,,,
1530,True,,0.009495037607848644,0.014657365158200264,,0.0,,,,,,0.004295174032449722,0.048564787954092026,0.0,0.018793262541294098,0.0,0.0,0.0,0.0,0.044482387602329254,0.00010977440473761382,,,
1531,True,,0.009218507446348667,0.014481758698821068,,0.0,,,,,,0.0037503191269934177,0.05147043615579605,0.0,0.018260687589645386,0.0,0.0,0.0,0.0,0.07434671372175217,0.00010953216448108246,,,
1532,True,,0.009465191513299942,0.016904570162296295,,0.0,,,,,,0.0034620515070855618,0.0557083785533905,0.0,0.018667126074433327,0.0,0.0,0.0,0.0,0.0669306293129921,0.00010929034121072166,,,
1533,True,,0.00711486954241991,0.014654334634542465,,0.0,,,,,,0.0028361473232507706,0.03889820724725723,0.0,0.013987381011247635,0.0,0.0,0.0,0.0,0.037424489855766296,0.00010904893553593652,,,
1534,True,,0.009441059082746506,0.018247978761792183,,0.0,,,,,,0.004289742559194565,0.048046257346868515,0.0,0.01871790736913681,0.0,0.0,0.0,0.0,0.05184555426239967,0.00010880794806507996,,,
1535,True,,0.011152681894600391,0.015682348981499672,,0.0,,,,,,0.004540112800896168,0.06178997829556465,0.0,0.022028617560863495,0.0,0.0,0.0,0.0,0.1153315007686615,0.00010856737940545095,,,
1536,True,,0.009477225132286549,0.016360308974981308,,0.0,,,,,,0.0032674092799425125,0.05729667469859123,0.0,0.01863790489733219,0.0,0.0,0.0,0.0,0.07924207299947739,0.00010832723016329304,,,
1537,True,,0.013452989980578423,0.020100358873605728,,0.0,,,,,,0.005316607654094696,0.07613308727741241,0.0,0.02658390998840332,0.0,0.0,0.0,0.0,0.07442482560873032,0.00010808750094379268,,,
1538,True,,0.007228861562907696,0.01607935130596161,,0.0,,,,,,0.0023678753059357405,0.045308735221624374,0.0,0.01428840309381485,0.0,0.0,0.0,0.0,0.059030115604400635,0.0001078481923510781,,,
1539,True,,0.011897172778844833,0.029495254158973694,,0.0,,,,,,0.004792198073118925,0.06605200469493866,0.0,0.023589525371789932,0.0,0.0,0.0,0.0,0.0726398229598999,0.0001076093049882173,,,
1540,True,,0.01404598355293274,0.01905059441924095,,0.0,,,,,,0.006780372466892004,0.06793111562728882,0.0,0.027809973806142807,0.0,0.0,0.0,0.0,0.0696808397769928,0.000107370839457217,,,
1541,True,,0.00758779514580965,0.017335519194602966,,0.0,,,,,,0.0024730227887630463,0.048304811120033264,0.0,0.015064653940498829,0.0,0.0,0.0,0.0,0.08017180114984512,0.00010713279635902063,,,
1542,True,,0.010521921329200268,0.015258907340466976,,0.0,,,,,,0.004608686547726393,0.055784039199352264,0.0,0.02086159959435463,0.0,0.0,0.0,0.0,0.07130500674247742,0.0001068951762935072,,,
1543,True,,0.012009655125439167,0.021687699481844902,,0.0,,,,,,0.005456495564430952,0.06068677827715874,0.0,0.02375170588493347,0.0,0.0,0.0,0.0,0.07515254616737366,0.00010665797985948967,,,
1544,True,,0.012433856725692749,0.018923558294773102,,0.0,,,,,,0.006210952065885067,0.05942733213305473,0.0,0.024776777252554893,0.0,0.0,0.0,0.0,0.07850362360477448,0.00010642120765471344,,,
1545,True,,0.009115180931985378,0.021291662007570267,,0.0,,,,,,0.0032315875869244337,0.0547097772359848,0.0,0.018030662089586258,0.0,0.0,0.0,0.0,0.08421587944030762,0.00010618486027585481,,,
1546,True,,0.007218077778816223,0.01858166977763176,,0.0,,,,,,0.0020501501858234406,0.046621158719062805,0.0,0.014116160571575165,0.0,0.0,0.0,0.0,0.09626418352127075,0.00010594893831851942,,,
1547,True,,0.005278664641082287,0.015352370217442513,,0.0,,,,,,0.0014735625591129065,0.03482332080602646,0.0,0.010388083755970001,0.0,0.0,0.0,0.0,0.07235411554574966,0.00010571344237724101,,,
1548,True,,0.01489164587110281,0.021817374974489212,,0.0,,,,,,0.006419818848371506,0.0792294517159462,0.0,0.02945258468389511,0.0,0.0,0.0,0.0,0.06859475374221802,0.00010547837304547961,,,
1549,True,,0.014655321836471558,0.024246376007795334,,0.0,,,,,,0.006259468384087086,0.07886489480733871,0.0,0.029043743386864662,0.0,0.0,0.0,0.0,0.08424654603004456,0.00010524373091562008,,,
1550,True,,0.011595625430345535,0.020865410566329956,,0.0,,,,,,0.004205433651804924,0.06967604160308838,0.0,0.022977318614721298,0.0,0.0,0.0,0.0,0.08289169520139694,0.00010500951657897096,,,
1551,True,,0.008230458945035934,0.013131695799529552,,0.0,,,,,,0.00316335610114038,0.04630410671234131,0.0,0.0161555428057909,0.0,0.0,0.0,0.0,0.08229199796915054,0.00010477573062576262,,,
1552,True,,0.004518108442425728,0.012149227783083916,,0.0,,,,,,0.001174860866740346,0.030554473400115967,0.0,0.00886990875005722,0.0,0.0,0.0,0.0,0.07456807792186737,0.00010454237364514576,,,
1553,True,,0.01206192746758461,0.016505122184753418,,0.0,,,,,,0.0054111480712890625,0.0625077337026596,0.0,0.023888900876045227,0.0,0.0,0.0,0.0,0.08089953660964966,0.0001043094462251902,,,
1554,True,,0.013009592890739441,0.016757220029830933,,0.0,,,,,,0.005632614251226187,0.06951672583818436,0.0,0.025761451572179794,0.0,0.0,0.0,0.0,0.091460682451725,0.00010407694895288322,,,
1555,True,,0.0071686990559101105,0.012305105105042458,,0.0,,,,,,0.0022931655403226614,0.04448215663433075,0.0,0.014033131301403046,0.0,0.0,0.0,0.0,0.06621988117694855,0.00010384488241412821,,,
1556,True,,0.006053506396710873,0.014851663261651993,,0.0,,,,,,0.0017681069439277053,0.039185672998428345,0.0,0.011888697743415833,0.0,0.0,0.0,0.0,0.05001460015773773,0.00010361324719374271,,,
1557,True,,0.008601916953921318,0.015014830976724625,,0.0,,,,,,0.0030058054253458977,0.050771333277225494,0.0,0.016835004091262817,0.0,0.0,0.0,0.0,0.09818162769079208,0.00010338204387545785,,,
1558,True,,0.00850425474345684,0.014210215769708157,,0.0,,,,,,0.0032323829364031553,0.049188412725925446,0.0,0.01679757982492447,0.0,0.0,0.0,0.0,0.060955677181482315,0.00010315127304191596,,,
1559,True,,0.009240379557013512,0.018049266189336777,,0.0,,,,,,0.0032685021869838238,0.05606488138437271,0.0,0.018295861780643463,0.0,0.0,0.0,0.0,0.0631086528301239,0.00010292093527466972,,,
1560,True,,0.011042943224310875,0.019105451181530952,,0.0,,,,,,0.0047830683179199696,0.05859578028321266,0.0,0.02187664434313774,0.0,0.0,0.0,0.0,0.03605305776000023,0.00010269103115418024,,,
1561,True,,0.00845156330615282,0.013747124001383781,,0.0,,,,,,0.0031327581964433193,0.05021176487207413,0.0,0.016742970794439316,0.0,0.0,0.0,0.0,0.06051825359463692,0.00010246156125981599,,,
1562,True,,0.01292354241013527,0.019983042031526566,,0.0,,,,,,0.006040075793862343,0.06454478204250336,0.0,0.025617927312850952,0.0,0.0,0.0,0.0,0.05585141479969025,0.00010223252616985113,,,
1563,True,,0.012096014805138111,0.019691310822963715,,0.0,,,,,,0.005141083151102066,0.06536024063825607,0.0,0.02397003397345543,0.0,0.0,0.0,0.0,0.052535247057676315,0.00010200392646146414,,,
1564,True,,0.011984863318502903,0.023149706423282623,,0.0,,,,,,0.004983655177056789,0.06554053723812103,0.0,0.023754067718982697,0.0,0.0,0.0,0.0,0.03743347153067589,0.00010177576271073613,,,
1565,True,,0.008283179253339767,0.02306007221341133,,0.0,,,,,,0.0029604684095829725,0.04608636721968651,0.0,0.0160828847438097,0.0,0.0,0.0,0.0,0.13703861832618713,0.00010154803549264982,,,
1566,True,,0.0080072320997715,0.013396531343460083,,0.0,,,,,,0.0033392529003322124,0.04284817725419998,0.0,0.015765268355607986,0.0,0.0,0.0,0.0,0.07075925916433334,0.00010132074538108768,,,
1567,True,,0.007637044880539179,0.01209050789475441,,0.0,,,,,,0.0024149175733327866,0.049411967396736145,0.0,0.015114064328372478,0.0,0.0,0.0,0.0,0.06544946134090424,0.00010109389294883085,,,
1568,True,,0.011366880498826504,0.019894782453775406,,0.0,,,,,,0.0038343239575624466,0.07134772837162018,0.0,0.022534925490617752,0.0,0.0,0.0,0.0,0.06187829747796059,0.00010086747876755721,,,
1569,True,,0.007896172814071178,0.016520623117685318,,0.0,,,,,,0.0032983168493956327,0.04256565868854523,0.0,0.015616262331604958,0.0,0.0,0.0,0.0,0.034922629594802856,0.00010064150340784042,,,
1570,True,,0.008378025144338608,0.015086264349520206,,0.0,,,,,,0.0026782751083374023,0.05284367501735687,0.0,0.01649153046309948,0.0,0.0,0.0,0.0,0.06165487691760063,0.0001004159674391483,,,
1571,True,,0.010660524480044842,0.01705293171107769,,0.0,,,,,,0.004515921697020531,0.05753840506076813,0.0,0.021100815385580063,0.0,0.0,0.0,0.0,0.058459460735321045,0.00010019087142984129,,,
1572,True,,0.006698538549244404,0.014086916111409664,,0.0,,,,,,0.002401223871856928,0.039687469601631165,0.0,0.013209378346800804,0.0,0.0,0.0,0.0,0.0391848050057888,9.996621594717118e-05,,,
1573,True,,0.009078504517674446,0.017407938838005066,,0.0,,,,,,0.0033787041902542114,0.05332271009683609,0.0,0.017963558435440063,0.0,0.0,0.0,0.0,0.04242103546857834,9.974200155727961e-05,,,
1574,True,,0.010087345726788044,0.013832693919539452,,0.0,,,,,,0.0037859617732465267,0.05894358456134796,0.0,0.019905991852283478,0.0,0.0,0.0,0.0,0.08988835662603378,9.951822882519663e-05,,,
1575,True,,0.005423512775450945,0.014178762212395668,,0.0,,,,,,0.0016916568856686354,0.033958595246076584,0.0,0.010652816854417324,0.0,0.0,0.0,0.0,0.047587715089321136,9.929489831483935e-05,,,
1576,True,,0.013065737672150135,0.0172317735850811,,0.0,,,,,,0.005062316544353962,0.07497923076152802,0.0,0.025798294693231583,0.0,0.0,0.0,0.0,0.056329213082790375,9.907201058901029e-05,,,
1577,True,,0.005567306187003851,0.011681407690048218,,0.0,,,,,,0.0020280489698052406,0.03330948203802109,0.0,0.011043117381632328,0.0,0.0,0.0,0.0,0.04237409308552742,9.884956620939628e-05,,,
1578,True,,0.008509623818099499,0.014778947457671165,,0.0,,,,,,0.003027008380740881,0.05215134471654892,0.0,0.016899555921554565,0.0,0.0,0.0,0.0,0.05379445478320122,9.862756573656692e-05,,,
1579,True,,0.011833002790808678,0.020037684589624405,,0.0,,,,,,0.004678212106227875,0.06733712553977966,0.0,0.023445304483175278,0.0,0.0,0.0,0.0,0.05594412237405777,9.840600972997313e-05,,,
1580,True,,0.01149509847164154,0.020773302763700485,,0.0,,,,,,0.004452225752174854,0.06625591218471527,0.0,0.0227806493639946,0.0,0.0,0.0,0.0,0.08809815347194672,9.818489874794562e-05,,,
1581,True,,0.009282179176807404,0.012719186954200268,,0.0,,,,,,0.003594971727579832,0.05303005874156952,0.0,0.01830734871327877,0.0,0.0,0.0,0.0,0.04310060292482376,9.796423334769375e-05,,,
1582,True,,0.005652059800922871,0.012454955838620663,,0.0,,,,,,0.0016402141191065311,0.03662770614027977,0.0,0.011079594492912292,0.0,0.0,0.0,0.0,0.055706776678562164,9.774401408530395e-05,,,
1583,True,,0.006316145416349173,0.014118943363428116,,0.0,,,,,,0.0019350058864802122,0.04022210091352463,0.0,0.01241455040872097,0.0,0.0,0.0,0.0,0.05804983898997307,9.752424151573845e-05,,,
1584,True,,0.01002073660492897,0.014893759973347187,,0.0,,,,,,0.003924129065126181,0.057163044810295105,0.0,0.019810108467936516,0.0,0.0,0.0,0.0,0.061385419219732285,9.730491619283367e-05,,,
1585,True,,0.010519684292376041,0.01914992183446884,,0.0,,,,,,0.004865354858338833,0.0515081062912941,0.0,0.02072734944522381,0.0,0.0,0.0,0.0,0.06515994668006897,9.708603866929896e-05,,,
1586,True,,0.010563119314610958,0.023601822555065155,,0.0,,,,,,0.0038428022526204586,0.06257656216621399,0.0,0.02089959755539894,0.0,0.0,0.0,0.0,0.06714747101068497,9.686760949671539e-05,,,
1587,True,,0.009309607557952404,0.019436249509453773,,0.0,,,,,,0.003182726912200451,0.05623483657836914,0.0,0.0183101799339056,0.0,0.0,0.0,0.0,0.06543827801942825,9.664962922553381e-05,,,
1588,True,,0.008501691743731499,0.014676057733595371,,0.0,,,,,,0.0034962650388479233,0.04686377942562103,0.0,0.01683109626173973,0.0,0.0,0.0,0.0,0.05041312426328659,9.643209840507413e-05,,,
1589,True,,0.00989541132003069,0.01874680072069168,,0.0,,,,,,0.00407035555690527,0.05291308835148811,0.0,0.0194445438683033,0.0,0.0,0.0,0.0,0.053378600627183914,9.621501758352349e-05,,,
1590,True,,0.008600653149187565,0.016987966373562813,,0.0,,,,,,0.003918342292308807,0.043304551392793655,0.0,0.017019331455230713,0.0,0.0,0.0,0.0,0.03863612562417984,9.599838730793514e-05,,,
1591,True,,0.01086142286658287,0.01662510260939598,,0.0,,,,,,0.0041794078424572945,0.06230773776769638,0.0,0.021437857300043106,0.0,0.0,0.0,0.0,0.07650575041770935,9.578220812422666e-05,,,
1592,True,,0.010271848179399967,0.018210504204034805,,0.0,,,,,,0.004024493508040905,0.05822174623608589,0.0,0.020300623029470444,0.0,0.0,0.0,0.0,0.058283716440200806,9.556648057717914e-05,,,
1593,True,,0.004908652976155281,0.013805756345391273,,0.0,,,,,,0.0010025702649727464,0.036086708307266235,0.0,0.009657951071858406,0.0,0.0,0.0,0.0,0.07492572069168091,9.535120521043536e-05,,,
1594,True,,0.010223287157714367,0.01853165589272976,,0.0,,,,,,0.0038493273314088583,0.06003657728433609,0.0,0.02026158943772316,0.0,0.0,0.0,0.0,0.05473079904913902,9.513638256649876e-05,,,
1595,True,,0.0070756347849965096,0.01615775004029274,,0.0,,,,,,0.0017518791137263179,0.04959256201982498,0.0,0.013948347419500351,0.0,0.0,0.0,0.0,0.09319594502449036,9.492201318673164e-05,,,
1596,True,,0.007495970465242863,0.01565452292561531,,0.0,,,,,,0.002544867340475321,0.045966487377882004,0.0,0.014794031158089638,0.0,0.0,0.0,0.0,0.06668500602245331,9.470809761135426e-05,,,
1597,True,,0.007453205995261669,0.012765541672706604,,0.0,,,,,,0.003146636998280883,0.03988677263259888,0.0,0.014716175384819508,0.0,0.0,0.0,0.0,0.04591498523950577,9.449463637944322e-05,,,
1598,True,,0.009030596353113651,0.01402174960821867,,0.0,,,,,,0.0032598129473626614,0.054001856595277786,0.0,0.01783081144094467,0.0,0.0,0.0,0.0,0.036578159779310226,9.428163002893011e-05,,,
1599,True,,0.004449775908142328,0.01297804992645979,,0.0,,,,,,0.0011392569867894053,0.03018966130912304,0.0,0.008737780153751373,0.0,0.0,0.0,0.0,0.03768172115087509,9.406907909660025e-05,,,
1600,True,,0.012494144029915333,0.02128605544567108,,0.0,,,,,,0.005154432263225317,0.06912632286548615,0.0,0.02477406896650791,0.0,0.0,0.0,0.0,0.09945801645517349,9.385698411809132e-05,0.04109792172188056,0.005451666381867064,0.059706850417200294
1601,True,,0.00731236906722188,0.015022366307675838,,0.0,,,,,,0.0023663898464292288,0.0456543006002903,0.0,0.014394412748515606,0.0,0.0,0.0,0.0,0.06056126579642296,9.364534562789187e-05,,,
1602,True,,0.006359547842293978,0.014620269648730755,,0.0,,,,,,0.0017039421945810318,0.04236672818660736,0.0,0.012446366250514984,0.0,0.0,0.0,0.0,0.07438521832227707,9.34341641593402e-05,,,
1603,True,,0.008733554743230343,0.013809955678880215,,0.0,,,,,,0.0034386515617370605,0.04930157586932182,0.0,0.017240462824702263,0.0,0.0,0.0,0.0,0.0674385204911232,9.322344024462274e-05,,,
1604,True,,0.006943933200091124,0.014546637423336506,,0.0,,,,,,0.00216937018558383,0.04393448680639267,0.0,0.013652218505740166,0.0,0.0,0.0,0.0,0.07403232902288437,9.301317441477297e-05,,,
1605,True,,0.010084838606417179,0.01696418598294258,,0.0,,,,,,0.004069567658007145,0.05660592392086983,0.0,0.019984640181064606,0.0,0.0,0.0,0.0,0.04140731319785118,9.280336719967e-05,,,
1606,True,,0.011612877249717712,0.016877807676792145,,0.0,,,,,,0.0050602140836417675,0.06124456226825714,0.0,0.022966325283050537,0.0,0.0,0.0,0.0,0.037680674344301224,9.259401912803725e-05,,,
1607,True,,0.00798962451517582,0.01636909320950508,,0.0,,,,,,0.0025140149518847466,0.05095716565847397,0.0,0.015763048082590103,0.0,0.0,0.0,0.0,0.04867485910654068,9.238513072744081e-05,,,
1608,True,,0.009082923643290997,0.01454875897616148,,0.0,,,,,,0.003350469982251525,0.05326680839061737,0.0,0.01790556311607361,0.0,0.0,0.0,0.0,0.04082806780934334,9.217670252428872e-05,,,
1609,True,,0.0075912256725132465,0.013224163092672825,,0.0,,,,,,0.0024669526610523462,0.047610413283109665,0.0,0.014951461926102638,0.0,0.0,0.0,0.0,0.054226383566856384,9.196873504382912e-05,,,
1610,True,,0.009817671030759811,0.016967855393886566,,0.0,,,,,,0.004101085476577282,0.052368052303791046,0.0,0.019325241446495056,0.0,0.0,0.0,0.0,0.06907127797603607,9.176122881014918e-05,,,
1611,True,,0.007791928481310606,0.015145308338105679,,0.0,,,,,,0.0028634495101869106,0.04495902732014656,0.0,0.015302734449505806,0.0,0.0,0.0,0.0,0.04423380643129349,9.155418434617348e-05,,,
1612,True,,0.00913131982088089,0.015544289723038673,,0.0,,,,,,0.003376431530341506,0.05368877202272415,0.0,0.018032072111964226,0.0,0.0,0.0,0.0,0.0758548155426979,9.134760217366331e-05,,,
1613,True,,0.00991047453135252,0.016099395230412483,,0.0,,,,,,0.003734227269887924,0.05800355598330498,0.0,0.019606050103902817,0.0,0.0,0.0,0.0,0.03943808376789093,9.114148281321473e-05,,,
1614,True,,0.007826211862266064,0.016186080873012543,,0.0,,,,,,0.0027581267058849335,0.046965740621089935,0.0,0.015442773699760437,0.0,0.0,0.0,0.0,0.04828369617462158,9.093582678425752e-05,,,
1615,True,,0.008159727789461613,0.014738493598997593,,0.0,,,,,,0.0032678749412298203,0.045451149344444275,0.0,0.016120102256536484,0.0,0.0,0.0,0.0,0.03885219618678093,9.073063460505383e-05,,,
1616,True,,0.010603523813188076,0.016210587695240974,,0.0,,,,,,0.004889636300504208,0.054181426763534546,0.0,0.02107340842485428,0.0,0.0,0.0,0.0,0.035978544503450394,9.052590679269688e-05,,,
1617,True,,0.006823747884482145,0.014394814148545265,,0.0,,,,,,0.0020217271521687508,0.044520314782857895,0.0,0.013441454619169235,0.0,0.0,0.0,0.0,0.047938358038663864,9.032164386310975e-05,,,
1618,True,,0.008487196639180183,0.01844264194369316,,0.0,,,,,,0.0029139909893274307,0.05067373812198639,0.0,0.016652988269925117,0.0,0.0,0.0,0.0,0.04504817724227905,9.0117846331044e-05,,,
1619,True,,0.01077213604003191,0.020255304872989655,,0.0,,,,,,0.00473480299115181,0.0556788370013237,0.0,0.021277375519275665,0.0,0.0,0.0,0.0,0.07293873280286789,8.991451471007817e-05,,,
1620,True,,0.010093717835843563,0.019938983023166656,,0.0,,,,,,0.003570125438272953,0.06035054847598076,0.0,0.01989828795194626,0.0,0.0,0.0,0.0,0.05682319402694702,8.971164951261686e-05,,,
1621,True,,0.009150192141532898,0.01738603040575981,,0.0,,,,,,0.0029589745681732893,0.05534994229674339,0.0,0.017818022519350052,0.0,0.0,0.0,0.0,0.13579896092414856,8.950925124988934e-05,,,
1622,True,,0.007260043174028397,0.013143318705260754,,0.0,,,,,,0.0025790955405682325,0.04306694120168686,0.0,0.014277266338467598,0.0,0.0,0.0,0.0,0.04858318343758583,8.930732043194789e-05,,,
1623,True,,0.0074636731296777725,0.017564114183187485,,0.0,,,,,,0.002583614783361554,0.04494360089302063,0.0,0.014717289246618748,0.0,0.0,0.0,0.0,0.04790791869163513,8.910585756766711e-05,,,
1624,True,,0.01067128125578165,0.018324848264455795,,0.0,,,,,,0.003780361032113433,0.06495971232652664,0.0,0.021130863577127457,0.0,0.0,0.0,0.0,0.0515572726726532,8.890486316474221e-05,,,
1625,True,,0.00936044380068779,0.014489542692899704,,0.0,,,,,,0.0034753400832414627,0.05475044995546341,0.0,0.01845572516322136,0.0,0.0,0.0,0.0,0.04093809798359871,8.87043377296878e-05,,,
1626,True,,0.009973861277103424,0.016527211293578148,,0.0,,,,,,0.004698829725384712,0.04920375347137451,0.0,0.01975833997130394,0.0,0.0,0.0,0.0,0.053923774510622025,8.850428176783678e-05,,,
1627,True,,0.008651714771986008,0.01675635389983654,,0.0,,,,,,0.00326349213719368,0.049988921731710434,0.0,0.017081663012504578,0.0,0.0,0.0,0.0,0.0756061002612114,8.830469578333892e-05,,,
1628,True,,0.007761592976748943,0.018126118928194046,,0.0,,,,,,0.0023367132525891066,0.050070393830537796,0.0,0.015286605805158615,0.0,0.0,0.0,0.0,0.05472106114029884,8.810558027915956e-05,,,
1629,True,,0.007629469968378544,0.011218569241464138,,0.0,,,,,,0.0026234560646116734,0.04700419306755066,0.0,0.015065531246364117,0.0,0.0,0.0,0.0,0.03931188955903053,8.790693575707859e-05,,,
1630,True,,0.008864862844347954,0.019197342917323112,,0.0,,,,,,0.0034557159524410963,0.0501866489648819,0.0,0.017531216144561768,0.0,0.0,0.0,0.0,0.0659288540482521,8.770876271768871e-05,,,
1631,True,,0.012964327819645405,0.015611032955348492,,0.0,,,,,,0.0055654216557741165,0.0699724406003952,0.0,0.025683104991912842,0.0,0.0,0.0,0.0,0.046957433223724365,8.751106166039474e-05,,,
1632,True,,0.009267921559512615,0.014559699222445488,,0.0,,,,,,0.003943953663110733,0.049759671092033386,0.0,0.01833343878388405,0.0,0.0,0.0,0.0,0.05571990832686424,8.731383308341193e-05,,,
1633,True,,0.009041035547852516,0.015393847599625587,,0.0,,,,,,0.0030645779334008694,0.05630438029766083,0.0,0.01788998953998089,0.0,0.0,0.0,0.0,0.05704641714692116,8.711707748376495e-05,,,
1634,True,,0.008193417452275753,0.014528341591358185,,0.0,,,,,,0.0024901842698454857,0.053667351603507996,0.0,0.016195621341466904,0.0,0.0,0.0,0.0,0.05815541371703148,8.692079535728645e-05,,,
1635,True,,0.010677335783839226,0.02196849323809147,,0.0,,,,,,0.00423370162025094,0.05988297611474991,0.0,0.021119020879268646,0.0,0.0,0.0,0.0,0.04352714121341705,8.672498719861599e-05,,,
1636,True,,0.007425200659781694,0.01162305474281311,,0.0,,,,,,0.0023264912888407707,0.048305362462997437,0.0,0.014698458835482597,0.0,0.0,0.0,0.0,0.04030046984553337,8.652965350119868e-05,,,
1637,True,,0.00526021420955658,0.014066779054701328,,0.0,,,,,,0.001740272156894207,0.03155878186225891,0.0,0.010297032073140144,0.0,0.0,0.0,0.0,0.0829678401350975,8.633479475728401e-05,,,
1638,True,,0.0071543133817613125,0.026223380118608475,,0.0,,,,,,0.0022195985075086355,0.04463596269488335,0.0,0.014099742285907269,0.0,0.0,0.0,0.0,0.14236882328987122,8.614041145792443e-05,,,
1639,True,,0.009470137767493725,0.018874138593673706,,0.0,,,,,,0.003434122307226062,0.055848799645900726,0.0,0.018677882850170135,0.0,0.0,0.0,0.0,0.041422728449106216,8.594650409297433e-05,,,
1640,True,,0.007151640951633453,0.014125555753707886,,0.0,,,,,,0.0026795656885951757,0.04128269478678703,0.0,0.01410073135048151,0.0,0.0,0.0,0.0,0.055770572274923325,8.575307315108883e-05,,,
1641,True,,0.010483738034963608,0.017453763633966446,,0.0,,,,,,0.004476546309888363,0.05642842501401901,0.0,0.020777665078639984,0.0,0.0,0.0,0.0,0.05641734227538109,8.556011911972236e-05,,,
1642,True,,0.013385525904595852,0.017270006239414215,,0.0,,,,,,0.006051216274499893,0.06851539015769958,0.0,0.026460980996489525,0.0,0.0,0.0,0.0,0.06004626303911209,8.536764248512743e-05,,,
1643,True,,0.008535496890544891,0.015043709427118301,,0.0,,,,,,0.002826988697052002,0.05259041488170624,0.0,0.016771964728832245,0.0,0.0,0.0,0.0,0.04584825038909912,8.517564373235358e-05,,,
1644,True,,0.0062399315647780895,0.012509802356362343,,0.0,,,,,,0.001875553629361093,0.03886587917804718,0.0,0.012127171270549297,0.0,0.0,0.0,0.0,0.05797380954027176,8.498412334524608e-05,,,
1645,True,,0.008992398157715797,0.015204133465886116,,0.0,,,,,,0.0034751947969198227,0.05138996243476868,0.0,0.017758630216121674,0.0,0.0,0.0,0.0,0.050336070358753204,8.479308180644467e-05,,,
1646,True,,0.01040304359048605,0.01622963137924671,,0.0,,,,,,0.003662893082946539,0.06277527660131454,0.0,0.020505759865045547,0.0,0.0,0.0,0.0,0.07818331569433212,8.460251959738233e-05,,,
1647,True,,0.006260539870709181,0.01572982780635357,,0.0,,,,,,0.0019591054879128933,0.038905076682567596,0.0,0.01226745080202818,0.0,0.0,0.0,0.0,0.06111278757452965,8.441243719828412e-05,,,
1648,True,,0.010457934811711311,0.015787560492753983,,0.0,,,,,,0.004847807809710503,0.051682040095329285,0.0,0.0206318236887455,0.0,0.0,0.0,0.0,0.04923431947827339,8.422283508816608e-05,,,
1649,True,,0.00872882828116417,0.016308166086673737,,0.0,,,,,,0.002486806595697999,0.05806216597557068,0.0,0.01718493364751339,0.0,0.0,0.0,0.0,0.04417400434613228,8.40337137448338e-05,,,
1650,True,,0.007565286476165056,0.012883616611361504,,0.0,,,,,,0.002590187592431903,0.04582644999027252,0.0,0.014866955578327179,0.0,0.0,0.0,0.0,0.0603850893676281,8.384507364488123e-05,,,
1651,True,,0.0071487403474748135,0.01414995826780796,,0.0,,,,,,0.0024784572888165712,0.04326533526182175,0.0,0.014095230028033257,0.0,0.0,0.0,0.0,0.05759349837899208,8.365691526368968e-05,,,
1652,True,,0.01213125791400671,0.02187809906899929,,0.0,,,,,,0.0051718479953706264,0.06583844125270844,0.0,0.024105731397867203,0.0,0.0,0.0,0.0,0.06455095112323761,8.346923907542655e-05,,,
1653,True,,0.007287284359335899,0.017379404976963997,,0.0,,,,,,0.0023130527697503567,0.04581820219755173,0.0,0.01435595192015171,0.0,0.0,0.0,0.0,0.08186022192239761,8.328204555304397e-05,,,
1654,True,,0.006774347275495529,0.01828891411423683,,0.0,,,,,,0.0023645907640457153,0.03994200378656387,0.0,0.013316027820110321,0.0,0.0,0.0,0.0,0.04490383341908455,8.309533516827786e-05,,,
1655,True,,0.010159528814256191,0.01778930239379406,,0.0,,,,,,0.0037564346566796303,0.05989222228527069,0.0,0.020083079114556313,0.0,0.0,0.0,0.0,0.0707160234451294,8.290910839164645e-05,,,
1656,True,,0.009103734977543354,0.019192654639482498,,0.0,,,,,,0.0036422363482415676,0.05056535452604294,0.0,0.017994433641433716,0.0,0.0,0.0,0.0,0.04188023507595062,8.272336569244948e-05,,,
1657,True,,0.009333860129117966,0.017213450744748116,,0.0,,,,,,0.0032702037133276463,0.056585609912872314,0.0,0.018434759229421616,0.0,0.0,0.0,0.0,0.031994935125112534,8.253810753876651e-05,,,
1658,True,,0.005968248471617699,0.013636712916195393,,0.0,,,,,,0.0019140832591801882,0.03735894709825516,0.0,0.011754593811929226,0.0,0.0,0.0,0.0,0.07998392730951309,8.235333439745625e-05,,,
1659,True,,0.011113250628113747,0.016033992171287537,,0.0,,,,,,0.00443490594625473,0.063938207924366,0.0,0.022102318704128265,0.0,0.0,0.0,0.0,0.07388263940811157,8.216904673415507e-05,,,
1660,True,,0.00739658810198307,0.017504960298538208,,0.0,,,,,,0.002297779079526663,0.046890079975128174,0.0,0.014558425173163414,0.0,0.0,0.0,0.0,0.04313544183969498,8.198524501327601e-05,,,
1661,True,,0.006522270385175943,0.01162674743682146,,0.0,,,,,,0.0019047018140554428,0.04290483519434929,0.0,0.012833723798394203,0.0,0.0,0.0,0.0,0.05713703855872154,8.180192969800728e-05,,,
1662,True,,0.011977197602391243,0.018349187448620796,,0.0,,,,,,0.005258826073259115,0.06345027685165405,0.0,0.02376454323530197,0.0,0.0,0.0,0.0,0.03628179058432579,8.161910125031158e-05,,,
1663,True,,0.008117296732962132,0.015235413797199726,,0.0,,,,,,0.003169580828398466,0.04632924497127533,0.0,0.01607215777039528,0.0,0.0,0.0,0.0,0.05375085398554802,8.143676013092458e-05,,,
1664,True,,0.0083951810374856,0.013112416490912437,,0.0,,,,,,0.0038462160155177116,0.04198333993554115,0.0,0.01657085493206978,0.0,0.0,0.0,0.0,0.11146818846464157,8.125490679935385e-05,,,
1665,True,,0.005647593643516302,0.010820308700203896,,0.0,,,,,,0.0015480448491871357,0.03790271282196045,0.0,0.011094111949205399,0.0,0.0,0.0,0.0,0.050555773079395294,8.10735417138777e-05,,,
1666,True,,0.010083328932523727,0.016496680676937103,,0.0,,,,,,0.003948986064642668,0.0570838525891304,0.0,0.01990566775202751,0.0,0.0,0.0,0.0,0.05789574235677719,8.0892665331544e-05,,,
1667,True,,0.013714279048144817,0.0235767662525177,,0.0,,,,,,0.005770526826381683,0.0742274597287178,0.0,0.027143320068717003,0.0,0.0,0.0,0.0,0.05153331160545349,8.071227810816927e-05,,,
1668,True,,0.010348336771130562,0.02165459468960762,,0.0,,,,,,0.003879937343299389,0.05924295634031296,0.0,0.020369116216897964,0.0,0.0,0.0,0.0,0.08951323479413986,8.053238049833722e-05,,,
1669,True,,0.009978318586945534,0.01574268564581871,,0.0,,,,,,0.003926936537027359,0.05631043016910553,0.0,0.019693724811077118,0.0,0.0,0.0,0.0,0.04776601120829582,8.035297295539753e-05,,,
1670,True,,0.009821881540119648,0.020941445603966713,,0.0,,,,,,0.0034307781606912613,0.05806706100702286,0.0,0.019268780946731567,0.0,0.0,0.0,0.0,0.033831819891929626,8.017405593146509e-05,,,
1671,True,,0.009830214083194733,0.015743693336844444,,0.0,,,,,,0.0032711930107325315,0.06048257648944855,0.0,0.019307103008031845,0.0,0.0,0.0,0.0,0.051710668951272964,7.999562987741866e-05,,,
1672,True,,0.010347911156713963,0.01864555850625038,,0.0,,,,,,0.003326970851048827,0.06540568172931671,0.0,0.020401906222105026,0.0,0.0,0.0,0.0,0.10815123468637466,7.981769524289967e-05,,,
1673,True,,0.012997956946492195,0.018629325553774834,,0.0,,,,,,0.005957610905170441,0.0643700361251831,0.0,0.02557886391878128,0.0,0.0,0.0,0.0,0.10662911087274551,7.964025247631116e-05,,,
1674,True,,0.011610523797571659,0.021010080352425575,,0.0,,,,,,0.005334095563739538,0.05848602205514908,0.0,0.023003321141004562,0.0,0.0,0.0,0.0,0.042036063969135284,7.946330202481658e-05,,,
1675,True,,0.012033331207931042,0.02047445811331272,,0.0,,,,,,0.0056880079209804535,0.059094905853271484,0.0,0.023835575208067894,0.0,0.0,0.0,0.0,0.05405910685658455,7.928684433433891e-05,,,
1676,True,,0.0061004748567938805,0.014599815011024475,,0.0,,,,,,0.0015285999979823828,0.04220622405409813,0.0,0.011995695531368256,0.0,0.0,0.0,0.0,0.07357118278741837,7.91108798495592e-05,,,
1677,True,,0.014046883210539818,0.02009289152920246,,0.0,,,,,,0.007690755184739828,0.05956501141190529,0.0,0.027895068749785423,0.0,0.0,0.0,0.0,0.051217783242464066,7.893540901391561e-05,,,
1678,True,,0.008907557465136051,0.014832749962806702,,0.0,,,,,,0.003644210984930396,0.048893921077251434,0.0,0.01758948713541031,0.0,0.0,0.0,0.0,0.05601384863257408,7.876043226960227e-05,,,
1679,True,,0.01708970032632351,0.021212629973888397,,0.0,,,,,,0.007807023823261261,0.0882977619767189,0.0,0.03393862396478653,0.0,0.0,0.0,0.0,0.05458487197756767,7.858595005756828e-05,,,
1680,True,,0.008097517304122448,0.014218912459909916,,0.0,,,,,,0.0028714630752801895,0.048646144568920135,0.0,0.01597578451037407,0.0,0.0,0.0,0.0,0.06021301448345184,7.841196281751642e-05,,,
1681,True,,0.008047670125961304,0.015386603772640228,,0.0,,,,,,0.003127498086541891,0.04636886343359947,0.0,0.015965919941663742,0.0,0.0,0.0,0.0,0.042887572199106216,7.823847098790215e-05,,,
1682,True,,0.0073235416784882545,0.012970011681318283,,0.0,,,,,,0.002795309526845813,0.041839875280857086,0.0,0.01443253830075264,0.0,0.0,0.0,0.0,0.03387724980711937,7.806547500593241e-05,,,
1683,True,,0.007743602618575096,0.01470411941409111,,0.0,,,,,,0.0026595413219183683,0.04708427935838699,0.0,0.015258613973855972,0.0,0.0,0.0,0.0,0.06739619374275208,7.789297530756464e-05,,,
1684,True,,0.009676491841673851,0.015731655061244965,,0.0,,,,,,0.00420337961986661,0.050798386335372925,0.0,0.019117027521133423,0.0,0.0,0.0,0.0,0.04112481325864792,7.77209723275057e-05,,,
1685,True,,0.012052394449710846,0.023635931313037872,,0.0,,,,,,0.004973862320184708,0.06668931245803833,0.0,0.02393154799938202,0.0,0.0,0.0,0.0,0.05889502167701721,7.754946649921046e-05,,,
1686,True,,0.012255790643393993,0.016521520912647247,,0.0,,,,,,0.0061679258942604065,0.05702991038560867,0.0,0.02429192140698433,0.0,0.0,0.0,0.0,0.06529432535171509,7.73784582548812e-05,,,
1687,True,,0.006581260822713375,0.012494420632719994,,0.0,,,,,,0.0023077321238815784,0.03945505619049072,0.0,0.012959443032741547,0.0,0.0,0.0,0.0,0.034681499004364014,7.720794802546612e-05,,,
1688,True,,0.009634867310523987,0.01597766764461994,,0.0,,,,,,0.004024960566312075,0.0526704266667366,0.0,0.019086647778749466,0.0,0.0,0.0,0.0,0.06554874032735825,7.70379362406585e-05,,,
1689,True,,0.008671858347952366,0.013901307247579098,,0.0,,,,,,0.0032053329050540924,0.05064067617058754,0.0,0.01708027347922325,0.0,0.0,0.0,0.0,0.05200236663222313,7.686842332889537e-05,,,
1690,True,,0.010092285461723804,0.0183713361620903,,0.0,,,,,,0.004139945842325687,0.05549761652946472,0.0,0.019965706393122673,0.0,0.0,0.0,0.0,0.034876272082328796,7.669940971735673e-05,,,
1691,True,,0.00697904359549284,0.014177042990922928,,0.0,,,,,,0.0025162571109831333,0.04127395153045654,0.0,0.013764467090368271,0.0,0.0,0.0,0.0,0.03440920636057854,7.653089583196426e-05,,,
1692,True,,0.008164454251527786,0.02682691067457199,,0.0,,,,,,0.0028418703004717827,0.048395201563835144,0.0,0.016114113852381706,0.0,0.0,0.0,0.0,0.05811131373047829,7.63628820973803e-05,,,
1693,True,,0.008434356190264225,0.015404591336846352,,0.0,,,,,,0.0031694392673671246,0.04872628301382065,0.0,0.016630470752716064,0.0,0.0,0.0,0.0,0.04463258013129234,7.619536893700676e-05,,,
1694,True,,0.010922684334218502,0.019229475408792496,,0.0,,,,,,0.003962240181863308,0.06452849507331848,0.0,0.021530069410800934,0.0,0.0,0.0,0.0,0.07371846586465836,7.602835677298412e-05,,,
1695,True,,0.011222777888178825,0.019596582278609276,,0.0,,,,,,0.004606997594237328,0.06255856156349182,0.0,0.022281598299741745,0.0,0.0,0.0,0.0,0.04655762016773224,7.586184602619043e-05,,,
1696,True,,0.009578507393598557,0.01568598859012127,,0.0,,,,,,0.004086616914719343,0.05053740367293358,0.0,0.01887572556734085,0.0,0.0,0.0,0.0,0.038190316408872604,7.569583711623992e-05,,,
1697,True,,0.0064565036445856094,0.01475727278739214,,0.0,,,,,,0.0024021845310926437,0.03676972538232803,0.0,0.012683233246207237,0.0,0.0,0.0,0.0,0.06649927794933319,7.553033046148237e-05,,,
1698,True,,0.0048836166970431805,0.012302476912736893,,0.0,,,,,,0.0014633223181590438,0.03167921304702759,0.0,0.009637884795665741,0.0,0.0,0.0,0.0,0.03219714015722275,7.536532647900175e-05,,,
1699,True,,0.007467669900506735,0.014531434513628483,,0.0,,,,,,0.0027829695027321577,0.043996505439281464,0.0,0.014795605093240738,0.0,0.0,0.0,0.0,0.02348325215280056,7.520082558461533e-05,,,
1700,True,,0.008873778395354748,0.013161667622625828,,0.0,,,,,,0.0032598362304270267,0.053188227117061615,0.0,0.017584053799510002,0.0,0.0,0.0,0.0,0.044979773461818695,7.503682819287248e-05,0.020354740807991618,0.0047206263905865175,0.02353363964310341
1701,True,,0.012537622824311256,0.021374940872192383,,0.0,,,,,,0.005459473468363285,0.06694231927394867,0.0,0.02490507811307907,0.0,0.0,0.0,0.0,0.05154988914728165,7.487333471705384e-05,,,
1702,True,,0.011034022085368633,0.02191952057182789,,0.0,,,,,,0.0038356613367795944,0.06819332391023636,0.0,0.021908210590481758,0.0,0.0,0.0,0.0,0.04551795870065689,7.471034556917008e-05,,,
1703,True,,0.006506279576569796,0.014385389164090157,,0.0,,,,,,0.0020071566104888916,0.04200120270252228,0.0,0.012857411056756973,0.0,0.0,0.0,0.0,0.03540761396288872,7.454786115996101e-05,,,
1704,True,,0.008633428253233433,0.014605466276407242,,0.0,,,,,,0.0028361929580569267,0.0542856864631176,0.0,0.017044244334101677,0.0,0.0,0.0,0.0,0.07478483021259308,7.438588189889437e-05,,,
1705,True,,0.007868057116866112,0.01488454919308424,,0.0,,,,,,0.0026023881509900093,0.0484878234565258,0.0,0.015468073077499866,0.0,0.0,0.0,0.0,0.06072892248630524,7.422440819416502e-05,,,
1706,True,,0.009782202541828156,0.022609278559684753,,0.0,,,,,,0.003986896015703678,0.05337800458073616,0.0,0.019332990050315857,0.0,0.0,0.0,0.0,0.04530016705393791,7.406344045269371e-05,,,
1707,True,,0.010473359376192093,0.020115774124860764,,0.0,,,,,,0.004212233703583479,0.05897127091884613,0.0,0.02078387886285782,0.0,0.0,0.0,0.0,0.07198233157396317,7.390297908012624e-05,,,
1708,True,,0.008606632240116596,0.015125968493521214,,0.0,,,,,,0.003582637757062912,0.04628629982471466,0.0,0.016969159245491028,0.0,0.0,0.0,0.0,0.0583023875951767,7.374302448083221e-05,,,
1709,True,,0.008733553811907768,0.01668623276054859,,0.0,,,,,,0.003302156925201416,0.050711870193481445,0.0,0.017273761332035065,0.0,0.0,0.0,0.0,0.06581844389438629,7.358357705790423e-05,,,
1710,True,,0.008960050530731678,0.014495830982923508,,0.0,,,,,,0.004196038469672203,0.04401056468486786,0.0,0.017702102661132812,0.0,0.0,0.0,0.0,0.06155700609087944,7.342463721315677e-05,,,
1711,True,,0.005879750940948725,0.01299488265067339,,0.0,,,,,,0.0019699111580848694,0.03597459942102432,0.0,0.011577070690691471,0.0,0.0,0.0,0.0,0.03439594805240631,7.326620534712521e-05,,,
1712,True,,0.004980859812349081,0.014238741248846054,,0.0,,,,,,0.0013175721978768706,0.033066779375076294,0.0,0.009747497737407684,0.0,0.0,0.0,0.0,0.05568024516105652,7.310828185906469e-05,,,
1713,True,,0.011050199158489704,0.01734836772084236,,0.0,,,,,,0.004655556287616491,0.06012088432908058,0.0,0.02189132757484913,0.0,0.0,0.0,0.0,0.040383707731962204,7.29508671469493e-05,,,
1714,True,,0.005745421163737774,0.011772749945521355,,0.0,,,,,,0.002087242668494582,0.03372221812605858,0.0,0.011322613805532455,0.0,0.0,0.0,0.0,0.052789561450481415,7.279396160747105e-05,,,
1715,True,,0.008447902277112007,0.015647605061531067,,0.0,,,,,,0.003303716890513897,0.047699347138404846,0.0,0.016678031533956528,0.0,0.0,0.0,0.0,0.04740869998931885,7.263756563603876e-05,,,
1716,True,,0.008651877753436565,0.022790437564253807,,0.0,,,,,,0.0028856999706476927,0.05367496982216835,0.0,0.01713297888636589,0.0,0.0,0.0,0.0,0.054171640425920486,7.248167962677703e-05,,,
1717,True,,0.007974807173013687,0.013915834948420525,,0.0,,,,,,0.0024529006332159042,0.0524509996175766,0.0,0.015811966732144356,0.0,0.0,0.0,0.0,0.058429282158613205,7.232630397252545e-05,,,
1718,True,,0.010697633028030396,0.022756747901439667,,0.0,,,,,,0.00404768344014883,0.06183377280831337,0.0,0.02115626260638237,0.0,0.0,0.0,0.0,0.037070948630571365,7.217143906483746e-05,,,
1719,True,,0.012401880696415901,0.020422231405973434,,0.0,,,,,,0.0051225461065769196,0.0691533088684082,0.0,0.024643979966640472,0.0,0.0,0.0,0.0,0.052146151661872864,7.201708529397941e-05,,,
1720,True,,0.008939862251281738,0.017517821863293648,,0.0,,,,,,0.0031517574097961187,0.054167602211236954,0.0,0.01768355816602707,0.0,0.0,0.0,0.0,0.06210923194885254,7.186324304892948e-05,,,
1721,True,,0.010617327876389027,0.015301111154258251,,0.0,,,,,,0.0038422388024628162,0.06410646438598633,0.0,0.021023225039243698,0.0,0.0,0.0,0.0,0.06488104909658432,7.170991271737684e-05,,,
1722,True,,0.010425467975437641,0.023275382816791534,,0.0,,,,,,0.004036519676446915,0.058842096477746964,0.0,0.02057895064353943,0.0,0.0,0.0,0.0,0.0529705211520195,7.155709468572071e-05,,,
1723,True,,0.01519364956766367,0.019561246037483215,,0.0,,,,,,0.007609629537910223,0.07100611180067062,0.0,0.030099503695964813,0.0,0.0,0.0,0.0,0.04141955077648163,7.140478933906917e-05,,,
1724,True,,0.007125713862478733,0.014979301020503044,,0.0,,,,,,0.002420357894152403,0.0434088408946991,0.0,0.014036748558282852,0.0,0.0,0.0,0.0,0.034094180911779404,7.125299706123829e-05,,,
1725,True,,0.011613608337938786,0.018912125378847122,,0.0,,,,,,0.004467524588108063,0.0655234158039093,0.0,0.02282259613275528,0.0,0.0,0.0,0.0,0.04709334671497345,7.110171823475129e-05,,,
1726,True,,0.014279067516326904,0.02142035961151123,,0.0,,,,,,0.006636870093643665,0.0727529227733612,0.0,0.028405431658029556,0.0,0.0,0.0,0.0,0.09709464013576508,7.095095324083745e-05,,,
1727,True,,0.009362434037029743,0.018364597111940384,,0.0,,,,,,0.003442744491621852,0.05507885664701462,0.0,0.018496710807085037,0.0,0.0,0.0,0.0,0.051612529903650284,7.080070245943102e-05,,,
1728,True,,0.007955318316817284,0.011353343725204468,,0.0,,,,,,0.003063780255615711,0.045176807790994644,0.0,0.01565031334757805,0.0,0.0,0.0,0.0,0.07495974004268646,7.065096626917063e-05,,,
1729,True,,0.012385607697069645,0.02124779298901558,,0.0,,,,,,0.005056613590568304,0.06850035488605499,0.0,0.024504734203219414,0.0,0.0,0.0,0.0,0.0497293621301651,7.050174504739797e-05,,,
1730,True,,0.006110343616455793,0.017371615394949913,,0.0,,,,,,0.0016294538509100676,0.03990510106086731,0.0,0.011904023587703705,0.0,0.0,0.0,0.0,0.05258052051067352,7.035303917015709e-05,,,
1731,True,,0.008232921361923218,0.01549621019512415,,0.0,,,,,,0.0031161780934780836,0.04836335778236389,0.0,0.01634039729833603,0.0,0.0,0.0,0.0,0.04714934527873993,7.020484901219323e-05,,,
1732,True,,0.004997439682483673,0.012957224622368813,,0.0,,,,,,0.0012341997353360057,0.03469676151871681,0.0,0.009830888360738754,0.0,0.0,0.0,0.0,0.057717084884643555,7.005717494695209e-05,,,
1733,True,,0.013499677181243896,0.02140900120139122,,0.0,,,,,,0.006534147541970015,0.06469118595123291,0.0,0.026717033237218857,0.0,0.0,0.0,0.0,0.038029082119464874,6.991001734657875e-05,,,
1734,True,,0.006129245273768902,0.012353399768471718,,0.0,,,,,,0.0018365848809480667,0.03974563628435135,0.0,0.012063927948474884,0.0,0.0,0.0,0.0,0.05286853015422821,6.976337658191678e-05,,,
1735,True,,0.010393694043159485,0.0201952513307333,,0.0,,,,,,0.004671115428209305,0.053771037608385086,0.0,0.020643867552280426,0.0,0.0,0.0,0.0,0.10493020713329315,6.961725302250732e-05,,,
1736,True,,0.007759172469377518,0.02345862239599228,,0.0,,,,,,0.0024667675606906414,0.048449356108903885,0.0,0.01530546136200428,0.0,0.0,0.0,0.0,0.19706584513187408,6.947164703658815e-05,,,
1737,True,,0.00961359590291977,0.016660122200846672,,0.0,,,,,,0.003666118485853076,0.05628932639956474,0.0,0.019075248390436172,0.0,0.0,0.0,0.0,0.03106599487364292,6.932655899109268e-05,,,
1738,True,,0.012096043676137924,0.018286284059286118,,0.0,,,,,,0.005068655125796795,0.06632459908723831,0.0,0.023980021476745605,0.0,0.0,0.0,0.0,0.04792473092675209,6.918198925164916e-05,,,
1739,True,,0.005634395405650139,0.011881068348884583,,0.0,,,,,,0.0019263479625806212,0.03411112725734711,0.0,0.011090666987001896,0.0,0.0,0.0,0.0,0.03886343166232109,6.90379381825796e-05,,,
1740,True,,0.008220164105296135,0.016646530479192734,,0.0,,,,,,0.0029750484973192215,0.0480886846780777,0.0,0.016170546412467957,0.0,0.0,0.0,0.0,0.06374289095401764,6.889440614689897e-05,,,
1741,True,,0.010716328397393227,0.021035540848970413,,0.0,,,,,,0.004067279398441315,0.06062720715999603,0.0,0.021056683734059334,0.0,0.0,0.0,0.0,0.07745851576328278,6.87513935063143e-05,,,
1742,True,,0.005964868701994419,0.014747600071132183,,0.0,,,,,,0.0024684355594217777,0.03135404363274574,0.0,0.011716184206306934,0.0,0.0,0.0,0.0,0.04321939870715141,6.860890062122372e-05,,,
1743,True,,0.00963116530328989,0.026912737637758255,,0.0,,,,,,0.0037766266614198685,0.054679226130247116,0.0,0.01914484240114689,0.0,0.0,0.0,0.0,0.2791323661804199,6.846692785071545e-05,,,
1744,True,,0.007880760356783867,0.012949367985129356,,0.0,,,,,,0.002437301678583026,0.05023018643260002,0.0,0.015470574609935284,0.0,0.0,0.0,0.0,0.061767853796482086,6.832547555256713e-05,,,
1745,True,,0.006336753256618977,0.011622175574302673,,0.0,,,,,,0.002205916680395603,0.037630125880241394,0.0,0.012421904131770134,0.0,0.0,0.0,0.0,0.06005701422691345,6.81845440832447e-05,,,
1746,True,,0.009529601782560349,0.014272557571530342,,0.0,,,,,,0.003634680062532425,0.054896797984838486,0.0,0.018796686083078384,0.0,0.0,0.0,0.0,0.04553592950105667,6.804413379790162e-05,,,
1747,True,,0.010015848092734814,0.013879327103495598,,0.0,,,,,,0.0038042408414185047,0.058430466800928116,0.0,0.019801929593086243,0.0,0.0,0.0,0.0,0.033120740205049515,6.790424505037793e-05,,,
1748,True,,0.011311660520732403,0.01859322562813759,,0.0,,,,,,0.004801405593752861,0.05993790552020073,0.0,0.022292789071798325,0.0,0.0,0.0,0.0,0.042263541370630264,6.776487819319939e-05,,,
1749,True,,0.007515773177146912,0.016477087512612343,,0.0,,,,,,0.00199794489890337,0.05035070702433586,0.0,0.014713559299707413,0.0,0.0,0.0,0.0,0.05340360850095749,6.762603357757654e-05,,,
1750,True,,0.009532839991152287,0.014206849038600922,,0.0,,,,,,0.003938200883567333,0.052770815789699554,0.0,0.01889019086956978,0.0,0.0,0.0,0.0,0.05864446610212326,6.748771155340395e-05,,,
1751,True,,0.011447922326624393,0.01658470556139946,,0.0,,,,,,0.00462767481803894,0.06451807916164398,0.0,0.022693252190947533,0.0,0.0,0.0,0.0,0.035394635051488876,6.734991246925911e-05,,,
1752,True,,0.008102714084088802,0.02031741291284561,,0.0,,,,,,0.0033990852534770966,0.04360193759202957,0.0,0.016065167263150215,0.0,0.0,0.0,0.0,0.04776814952492714,6.721263667240171e-05,,,
1753,True,,0.008657251484692097,0.015082326717674732,,0.0,,,,,,0.0037971108686178923,0.0451924130320549,0.0,0.017124425619840622,0.0,0.0,0.0,0.0,0.04776325076818466,6.707588450877277e-05,,,
1754,True,,0.008572917431592941,0.014565063640475273,,0.0,,,,,,0.0027763366233557463,0.054470546543598175,0.0,0.016941959038376808,0.0,0.0,0.0,0.0,0.06809419393539429,6.693965632299377e-05,,,
1755,True,,0.010495009832084179,0.018233228474855423,,0.0,,,,,,0.004110137932002544,0.059141866862773895,0.0,0.020701665431261063,0.0,0.0,0.0,0.0,0.0501057505607605,6.680395245836557e-05,,,
1756,True,,0.01085671503096819,0.01739584282040596,,0.0,,,,,,0.004489311948418617,0.05827546864748001,0.0,0.02134753204882145,0.0,0.0,0.0,0.0,0.03882761299610138,6.666877325686793e-05,,,
1757,True,,0.008112592622637749,0.0149037204682827,,0.0,,,,,,0.003522320417687297,0.04285169020295143,0.0,0.016069117933511734,0.0,0.0,0.0,0.0,0.039976056665182114,6.653411905915835e-05,,,
1758,True,,0.008596304804086685,0.013107137754559517,,0.0,,,,,,0.0035218808334320784,0.04750577360391617,0.0,0.016999833285808563,0.0,0.0,0.0,0.0,0.0484403558075428,6.639999020457116e-05,,,
1759,True,,0.011097467504441738,0.01449901144951582,,0.0,,,,,,0.005256831180304289,0.05498016998171806,0.0,0.021997306495904922,0.0,0.0,0.0,0.0,0.03833761811256409,6.626638703111707e-05,,,
1760,True,,0.011191113851964474,0.019539564847946167,,0.0,,,,,,0.004702037200331688,0.0616120845079422,0.0,0.022249754518270493,0.0,0.0,0.0,0.0,0.05197343975305557,6.613330987548183e-05,,,
1761,True,,0.009422163479030132,0.017554860562086105,,0.0,,,,,,0.004188091494143009,0.048103272914886475,0.0,0.01859613135457039,0.0,0.0,0.0,0.0,0.038310300558805466,6.600075907302571e-05,,,
1762,True,,0.012721247971057892,0.01945100724697113,,0.0,,,,,,0.005583260208368301,0.06669306755065918,0.0,0.025168325752019882,0.0,0.0,0.0,0.0,0.044767096638679504,6.586873495778253e-05,,,
1763,True,,0.005965468008071184,0.01421358622610569,,0.0,,,,,,0.0018995408900082111,0.03782092034816742,0.0,0.011789236217737198,0.0,0.0,0.0,0.0,0.03689229488372803,6.573723786245881e-05,,,
1764,True,,0.00898335874080658,0.01629350334405899,,0.0,,,,,,0.003657818539068103,0.04999986290931702,0.0,0.0178040973842144,0.0,0.0,0.0,0.0,0.03438979387283325,6.560626811843298e-05,,,
1765,True,,0.009048888459801674,0.015250570140779018,,0.0,,,,,,0.003210250986739993,0.054970063269138336,0.0,0.017908651381731033,0.0,0.0,0.0,0.0,0.048184603452682495,6.547582605575454e-05,,,
1766,True,,0.011388938874006271,0.01708405651152134,,0.0,,,,,,0.0054858773946762085,0.05577060580253601,0.0,0.022622719407081604,0.0,0.0,0.0,0.0,0.059114448726177216,6.534591200314312e-05,,,
1767,True,,0.016287269070744514,0.020837876945734024,,0.0,,,,,,0.007698112167418003,0.08142004907131195,0.0,0.03233576565980911,0.0,0.0,0.0,0.0,0.05256102979183197,6.521652628798782e-05,,,
1768,True,,0.0056209866888821125,0.012341697700321674,,0.0,,,,,,0.0014347502728924155,0.039174649864435196,0.0,0.011096619069576263,0.0,0.0,0.0,0.0,0.03908329829573631,6.508766923634633e-05,,,
1769,True,,0.009418276138603687,0.015339622274041176,,0.0,,,,,,0.002980890218168497,0.060390226542949677,0.0,0.018591586500406265,0.0,0.0,0.0,0.0,0.04934960976243019,6.495934117294408e-05,,,
1770,True,,0.00736366817727685,0.017582757398486137,,0.0,,,,,,0.0025502960197627544,0.04565943777561188,0.0,0.014655735343694687,0.0,0.0,0.0,0.0,0.03758211433887482,6.48315424211733e-05,,,
1771,True,,0.013448726385831833,0.016670364886522293,,0.0,,,,,,0.006171290762722492,0.06885701417922974,0.0,0.026672422885894775,0.0,0.0,0.0,0.0,0.037444304674863815,6.470427330309245e-05,,,
1772,True,,0.012089567258954048,0.014793391339480877,,0.0,,,,,,0.004703888203948736,0.0703810602426529,0.0,0.023979496210813522,0.0,0.0,0.0,0.0,0.05948153883218765,6.457753413942526e-05,,,
1773,True,,0.01297991257160902,0.018542524427175522,,0.0,,,,,,0.005410988815128803,0.07206585258245468,0.0,0.025782912969589233,0.0,0.0,0.0,0.0,0.04925539344549179,6.445132524956006e-05,,,
1774,True,,0.011900261975824833,0.017744075506925583,,0.0,,,,,,0.004626377485692501,0.06791693717241287,0.0,0.02349577471613884,0.0,0.0,0.0,0.0,0.054213713854551315,6.43256469515486e-05,,,
1775,True,,0.010513074696063995,0.02057020366191864,,0.0,,,,,,0.004327503964304924,0.05772092938423157,0.0,0.020818375051021576,0.0,0.0,0.0,0.0,0.0417545810341835,6.420049956210578e-05,,,
1776,True,,0.01605493761599064,0.02710842341184616,,0.0,,,,,,0.006975878030061722,0.08555275946855545,0.0,0.03185717761516571,0.0,0.0,0.0,0.0,0.07368408143520355,6.407588339660845e-05,,,
1777,True,,0.01592402160167694,0.02252134494483471,,0.0,,,,,,0.008006364107131958,0.07405596226453781,0.0,0.031561195850372314,0.0,0.0,0.0,0.0,0.047729022800922394,6.395179876909487e-05,,,
1778,True,,0.007141408510506153,0.013893084600567818,,0.0,,,,,,0.002251985017210245,0.04471944272518158,0.0,0.014004268683493137,0.0,0.0,0.0,0.0,0.042031604796648026,6.382824599226357e-05,,,
1779,True,,0.006332951597869396,0.012634748592972755,,0.0,,,,,,0.002110365778207779,0.03954825550317764,0.0,0.012524490244686604,0.0,0.0,0.0,0.0,0.03751399740576744,6.370522537747307e-05,,,
1780,True,,0.009426380507647991,0.021551651880145073,,0.0,,,,,,0.0034921779297292233,0.05515306815505028,0.0,0.018649380654096603,0.0,0.0,0.0,0.0,0.06419659405946732,6.358273723474064e-05,,,
1781,True,,0.011640056036412716,0.01696845144033432,,0.0,,,,,,0.004412058275192976,0.06784431636333466,0.0,0.02300623059272766,0.0,0.0,0.0,0.0,0.07078045606613159,6.346078187274175e-05,,,
1782,True,,0.00671410420909524,0.014622354879975319,,0.0,,,,,,0.0020394609309732914,0.043735332787036896,0.0,0.013273322023451328,0.0,0.0,0.0,0.0,0.03386788070201874,6.333935959880924e-05,,,
1783,True,,0.00765181565657258,0.014235650189220905,,0.0,,,,,,0.0024827958550304174,0.04794447124004364,0.0,0.015071414411067963,0.0,0.0,0.0,0.0,0.03900330513715744,6.321847071893256e-05,,,
1784,True,,0.006875821389257908,0.016479739919304848,,0.0,,,,,,0.002329281298443675,0.04192588850855827,0.0,0.013562489300966263,0.0,0.0,0.0,0.0,0.049080293625593185,6.309811553775692e-05,,,
1785,True,,0.0062163337133824825,0.012905068695545197,,0.0,,,,,,0.002319619758054614,0.035955145955085754,0.0,0.012260518968105316,0.0,0.0,0.0,0.0,0.03741234913468361,6.29782943585827e-05,,,
1786,True,,0.006869182456284761,0.014077512547373772,,0.0,,,,,,0.001806357642635703,0.048279695212841034,0.0,0.013644285500049591,0.0,0.0,0.0,0.0,0.09172845631837845,6.285900748336441e-05,,,
1787,True,,0.006267461460083723,0.014033581130206585,,0.0,,,,,,0.0016611230093985796,0.04280509799718857,0.0,0.012349430471658707,0.0,0.0,0.0,0.0,0.08771364390850067,6.274025521271027e-05,,,
1788,True,,0.011472076177597046,0.018185444176197052,,0.0,,,,,,0.004668428096920252,0.0641346275806427,0.0,0.022735822945833206,0.0,0.0,0.0,0.0,0.05217338725924492,6.262203784588113e-05,,,
1789,True,,0.012239820323884487,0.016664501279592514,,0.0,,,,,,0.006111607886850834,0.05688239261507988,0.0,0.024206314235925674,0.0,0.0,0.0,0.0,0.04821782559156418,6.250435568078998e-05,,,
1790,True,,0.009065872989594936,0.02115330845117569,,0.0,,,,,,0.002787258941680193,0.056831538677215576,0.0,0.017747819423675537,0.0,0.0,0.0,0.0,0.1163414791226387,6.238720901400096e-05,,,
1791,True,,0.011322016827762127,0.02069111540913582,,0.0,,,,,,0.004806456156075001,0.06169136241078377,0.0,0.022504519671201706,0.0,0.0,0.0,0.0,0.030452076345682144,6.227059814072877e-05,,,
1792,True,,0.009771772660315037,0.018485549837350845,,0.0,,,,,,0.0034544984810054302,0.058510225266218185,0.0,0.019262149930000305,0.0,0.0,0.0,0.0,0.05222948268055916,6.215452335483798e-05,,,
1793,True,,0.010496296919882298,0.016838468611240387,,0.0,,,,,,0.00383051298558712,0.06313306838274002,0.0,0.020808503031730652,0.0,0.0,0.0,0.0,0.04455895349383354,6.203898494884207e-05,,,
1794,True,,0.008253132924437523,0.016550784930586815,,0.0,,,,,,0.003940679598599672,0.03992927446961403,0.0,0.016352247446775436,0.0,0.0,0.0,0.0,0.05362355336546898,6.192398321390284e-05,,,
1795,True,,0.014770161360502243,0.02505921572446823,,0.0,,,,,,0.006670523434877396,0.07591517269611359,0.0,0.029282793402671814,0.0,0.0,0.0,0.0,0.08421903103590012,6.180951843982973e-05,,,
1796,True,,0.004643717780709267,0.012910179793834686,,0.0,,,,,,0.0014938132371753454,0.028861310333013535,0.0,0.009152764454483986,0.0,0.0,0.0,0.0,0.08086122572422028,6.169559091507898e-05,,,
1797,True,,0.010023612529039383,0.014708064496517181,,0.0,,,,,,0.004993760026991367,0.04683253541588783,0.0,0.019847705960273743,0.0,0.0,0.0,0.0,0.06071530655026436,6.158220092675288e-05,,,
1798,True,,0.005713969469070435,0.011272162199020386,,0.0,,,,,,0.0019349432550370693,0.03519177436828613,0.0,0.011280812323093414,0.0,0.0,0.0,0.0,0.033677879720926285,6.146934876059915e-05,,,
1799,True,,0.006671578623354435,0.014655236154794693,,0.0,,,,,,0.002171166241168976,0.04106559231877327,0.0,0.0130958566442132,0.0,0.0,0.0,0.0,0.054262686520814896,6.13570347010102e-05,,,
1800,True,,0.005262383725494146,0.01190998125821352,,0.0,,,,,,0.0018266466213390231,0.031642816960811615,0.0,0.010372411459684372,0.0,0.0,0.0,0.0,0.05650101974606514,6.124525903102241e-05,0.030185066107550555,0.0029022022096168725,0.02692495397996452
1801,True,,0.010892748832702637,0.014842348173260689,,0.0,,,,,,0.004289485979825258,0.06152990460395813,0.0,0.0214836485683918,0.0,0.0,0.0,0.0,0.03779855743050575,6.113402203231525e-05,,,
1802,True,,0.005931665655225515,0.012726541608572006,,0.0,,,,,,0.0014906547730788589,0.041176632046699524,0.0,0.011667249724268913,0.0,0.0,0.0,0.0,0.03456256538629532,6.102332398521088e-05,,,
1803,True,,0.008115475066006184,0.016172252595424652,,0.0,,,,,,0.0031733892392367125,0.04630783945322037,0.0,0.016081370413303375,0.0,0.0,0.0,0.0,0.03709854558110237,6.091316516867319e-05,,,
1804,True,,0.007783645763993263,0.015594100579619408,,0.0,,,,,,0.0018368945457041264,0.05654609203338623,0.0,0.01543109118938446,0.0,0.0,0.0,0.0,0.037971753627061844,6.080354586030722e-05,,,
1805,True,,0.00915971677750349,0.015388762578368187,,0.0,,,,,,0.002980123972520232,0.057925034314394,0.0,0.018086232244968414,0.0,0.0,0.0,0.0,0.06577534973621368,6.0694466336358396e-05,,,
1806,True,,0.008238175883889198,0.013980159536004066,,0.0,,,,,,0.0027376986108720303,0.05112232267856598,0.0,0.016227908432483673,0.0,0.0,0.0,0.0,0.035897769033908844,6.058592687171191e-05,,,
1807,True,,0.00621778704226017,0.010399503633379936,,0.0,,,,,,0.002212886232882738,0.037569720298051834,0.0,0.012291640043258667,0.0,0.0,0.0,0.0,0.03793637827038765,6.0477927739891926e-05,,,
1808,True,,0.01005115732550621,0.018688004463911057,,0.0,,,,,,0.003499741666018963,0.06112075597047806,0.0,0.019849855452775955,0.0,0.0,0.0,0.0,0.044679947197437286,6.0370469213061024e-05,,,
1809,True,,0.00837444607168436,0.016002101823687553,,0.0,,,,,,0.0025748712942004204,0.05329609662294388,0.0,0.01643894799053669,0.0,0.0,0.0,0.0,0.04586084932088852,6.02635515620193e-05,,,
1810,True,,0.010743285529315472,0.017019003629684448,,0.0,,,,,,0.004250085912644863,0.06094961613416672,0.0,0.02125852182507515,0.0,0.0,0.0,0.0,0.03693851828575134,6.0157175056203935e-05,,,
1811,True,,0.010349556803703308,0.013829277828335762,,0.0,,,,,,0.0046049258671700954,0.053890589624643326,0.0,0.020481836050748825,0.0,0.0,0.0,0.0,0.045275356620550156,6.005133996368838e-05,,,
1812,True,,0.007340804673731327,0.01416789274662733,,0.0,,,,,,0.0023772534914314747,0.04569007828831673,0.0,0.014428745023906231,0.0,0.0,0.0,0.0,0.038960445672273636,5.9946046551181724e-05,,,
1813,True,,0.011973181739449501,0.018024438992142677,,0.0,,,,,,0.00497110141441226,0.06663048267364502,0.0,0.02378757670521736,0.0,0.0,0.0,0.0,0.05004334822297096,5.984129508402792e-05,,,
1814,True,,0.01128656230866909,0.01671801134943962,,0.0,,,,,,0.00476696714758873,0.06190872937440872,0.0,0.022411582991480827,0.0,0.0,0.0,0.0,0.03346763923764229,5.9737085826205213e-05,,,
1815,True,,0.009392359293997288,0.01245791744440794,,0.0,,,,,,0.0033366575371474028,0.056815266609191895,0.0,0.018535122275352478,0.0,0.0,0.0,0.0,0.03482209891080856,5.963341904032553e-05,,,
1816,True,,0.01349686086177826,0.0173000767827034,,0.0,,,,,,0.006662134081125259,0.06438855826854706,0.0,0.026770852506160736,0.0,0.0,0.0,0.0,0.04824887588620186,5.953029498763368e-05,,,
1817,True,,0.007139488589018583,0.014724809676408768,,0.0,,,,,,0.002715360838919878,0.04094904661178589,0.0,0.01409700233489275,0.0,0.0,0.0,0.0,0.05807391554117203,5.94277139280068e-05,,,
1818,True,,0.01421260368078947,0.023471985012292862,,0.0,,,,,,0.006410575471818447,0.07209105044603348,0.0,0.028067003935575485,0.0,0.0,0.0,0.0,0.04681362211704254,5.932567611995359e-05,,,
1819,True,,0.00908689945936203,0.013731686398386955,,0.0,,,,,,0.002778837224468589,0.060428306460380554,0.0,0.018045883625745773,0.0,0.0,0.0,0.0,0.05427202954888344,5.922418182061384e-05,,,
1820,True,,0.007917972281575203,0.016069823876023293,,0.0,,,,,,0.0034869990777224302,0.0408034548163414,0.0,0.015646014362573624,0.0,0.0,0.0,0.0,0.04147632047533989,5.912323128575761e-05,,,
1821,True,,0.0038105647545307875,0.010604942217469215,,0.0,,,,,,0.0008156063850037754,0.02695576846599579,0.0,0.00742779765278101,0.0,0.0,0.0,0.0,0.03376998379826546,5.9022824769784626e-05,,,
1822,True,,0.007792011834681034,0.014270247891545296,,0.0,,,,,,0.0022814380936324596,0.05302342772483826,0.0,0.015518495813012123,0.0,0.0,0.0,0.0,0.03662995621562004,5.892296252572368e-05,,,
1823,True,,0.008623595349490643,0.016324352473020554,,0.0,,,,,,0.003446321003139019,0.04890087619423866,0.0,0.01712324656546116,0.0,0.0,0.0,0.0,0.03157773241400719,5.882364480523201e-05,,,
1824,True,,0.010873530991375446,0.017521318048238754,,0.0,,,,,,0.0037426482886075974,0.06858127564191818,0.0,0.021649520844221115,0.0,0.0,0.0,0.0,0.03805602341890335,5.872487185859465e-05,,,
1825,True,,0.006653469521552324,0.013407229445874691,,0.0,,,,,,0.0024044604506343603,0.039648525416851044,0.0,0.01315685547888279,0.0,0.0,0.0,0.0,0.03854236751794815,5.8626643934723656e-05,,,
1826,True,,0.00824645347893238,0.01064489409327507,,0.0,,,,,,0.0031841087620705366,0.04696010798215866,0.0,0.01623302325606346,0.0,0.0,0.0,0.0,0.04761829972267151,5.8528961281157714e-05,,,
1827,True,,0.010390719398856163,0.01762709766626358,,0.0,,,,,,0.0034651905298233032,0.06487597525119781,0.0,0.02051977813243866,0.0,0.0,0.0,0.0,0.055860430002212524,5.843182414406145e-05,,,
1828,True,,0.011050914414227009,0.017207900062203407,,0.0,,,,,,0.0044413357973098755,0.06197711080312729,0.0,0.02186204120516777,0.0,0.0,0.0,0.0,0.04761963337659836,5.833523276822457e-05,,,
1829,True,,0.00389107596129179,0.010720290243625641,,0.0,,,,,,0.0011054239002987742,0.02581285685300827,0.0,0.007684988901019096,0.0,0.0,0.0,0.0,0.03188100829720497,5.8239187397061636e-05,,,
1830,True,,0.00800490565598011,0.015280106104910374,,0.0,,,,,,0.003078033681958914,0.04560825228691101,0.0,0.015796566382050514,0.0,0.0,0.0,0.0,0.04511164501309395,5.814368827261115e-05,,,
1831,True,,0.009349817410111427,0.019276104867458344,,0.0,,,,,,0.0033187814988195896,0.05599316209554672,0.0,0.018460676074028015,0.0,0.0,0.0,0.0,0.03892137482762337,5.804873563553508e-05,,,
1832,True,,0.006452471017837524,0.012629823759198189,,0.0,,,,,,0.001982619520276785,0.041856300085783005,0.0,0.012747018598020077,0.0,0.0,0.0,0.0,0.030511993914842606,5.7954329725118236e-05,,,
1833,True,,0.009026502259075642,0.015976084396243095,,0.0,,,,,,0.003133927471935749,0.05502308905124664,0.0,0.017822500318288803,0.0,0.0,0.0,0.0,0.03883564472198486,5.7860470779267605e-05,,,
1834,True,,0.006352611817419529,0.013084192760288715,,0.0,,,,,,0.0025549258571118116,0.03523632884025574,0.0,0.012562012299895287,0.0,0.0,0.0,0.0,0.06316636502742767,5.776715903451186e-05,,,
1835,True,,0.005579684861004353,0.011179780587553978,,0.0,,,,,,0.0019700434058904648,0.03313509374856949,0.0,0.010975035838782787,0.0,0.0,0.0,0.0,0.03934575244784355,5.7674394726000655e-05,,,
1836,True,,0.011253468692302704,0.017545441165566444,,0.0,,,,,,0.004384485073387623,0.06434762477874756,0.0,0.022248171269893646,0.0,0.0,0.0,0.0,0.05233226343989372,5.7582178087504106e-05,,,
1837,True,,0.006174350157380104,0.012206198647618294,,0.0,,,,,,0.0016279562842100859,0.042578890919685364,0.0,0.012182257138192654,0.0,0.0,0.0,0.0,0.04827425256371498,5.749050935141213e-05,,,
1838,True,,0.009994796477258205,0.016023971140384674,,0.0,,,,,,0.004314088262617588,0.05329715460538864,0.0,0.019798841327428818,0.0,0.0,0.0,0.0,0.040110182017087936,5.739938874873399e-05,,,
1839,True,,0.009792953729629517,0.01370738074183464,,0.0,,,,,,0.004515833221375942,0.04955626279115677,0.0,0.019401486963033676,0.0,0.0,0.0,0.0,0.034624457359313965,5.7308816509097606e-05,,,
1840,True,,0.010354599915444851,0.017695853486657143,,0.0,,,,,,0.004412496462464333,0.05571945756673813,0.0,0.02051600068807602,0.0,0.0,0.0,0.0,0.03777610883116722,5.721879286074891e-05,,,
1841,True,,0.012535526417195797,0.019742585718631744,,0.0,,,,,,0.0056014894507825375,0.06544415652751923,0.0,0.024878855794668198,0.0,0.0,0.0,0.0,0.06379745900630951,5.712931803055143e-05,,,
1842,True,,0.009168489836156368,0.016164630651474,,0.0,,,,,,0.0031572310253977776,0.05701851472258568,0.0,0.018189217895269394,0.0,0.0,0.0,0.0,0.035966381430625916,5.70403922439857e-05,,,
1843,True,,0.007493752054870129,0.015810247510671616,,0.0,,,,,,0.0029189209453761578,0.04205522686243057,0.0,0.014776297844946384,0.0,0.0,0.0,0.0,0.042274799197912216,5.6952015725148566e-05,,,
1844,True,,0.007914194837212563,0.015691284090280533,,0.0,,,,,,0.0025580832734704018,0.05034571513533592,0.0,0.015663761645555496,0.0,0.0,0.0,0.0,0.04707738384604454,5.686418869675268e-05,,,
1845,True,,0.00857261847704649,0.014056072570383549,,0.0,,,,,,0.002698637079447508,0.05580630898475647,0.0,0.016992446035146713,0.0,0.0,0.0,0.0,0.03299510106444359,5.6776911380126024e-05,,,
1846,True,,0.007576933596283197,0.015517495572566986,,0.0,,,,,,0.0022195265628397465,0.050391241908073425,0.0,0.014990760013461113,0.0,0.0,0.0,0.0,0.035964179784059525,5.669018399521123e-05,,,
1847,True,,0.012239200063049793,0.01990584284067154,,0.0,,,,,,0.00545470928773284,0.06416794657707214,0.0,0.024309761822223663,0.0,0.0,0.0,0.0,0.040940601378679276,5.660400676056514e-05,,,
1848,True,,0.012712380848824978,0.01626172661781311,,0.0,,,,,,0.005867066793143749,0.0656738132238388,0.0,0.025309447199106216,0.0,0.0,0.0,0.0,0.03982964903116226,5.651837989335806e-05,,,
1849,True,,0.007367925718426704,0.012481472454965115,,0.0,,,,,,0.002228968311101198,0.048053108155727386,0.0,0.014527020044624805,0.0,0.0,0.0,0.0,0.07157620787620544,5.64333036093735e-05,,,
1850,True,,0.013411713764071465,0.017320089042186737,,0.0,,,,,,0.006058808416128159,0.07064275443553925,0.0,0.026707999408245087,0.0,0.0,0.0,0.0,0.0472884438931942,5.63487781230074e-05,,,
1851,True,,0.008568593300879002,0.014708610251545906,,0.0,,,,,,0.002970838686451316,0.054316144436597824,0.0,0.01711813360452652,0.0,0.0,0.0,0.0,0.03653555363416672,5.626480364726768e-05,,,
1852,True,,0.007763450033962727,0.013367616571485996,,0.0,,,,,,0.0027998764999210835,0.04605969414114952,0.0,0.015302971936762333,0.0,0.0,0.0,0.0,0.05366126820445061,5.618138039377366e-05,,,
1853,True,,0.011431998573243618,0.016326982527971268,,0.0,,,,,,0.003812468610703945,0.07200133800506592,0.0,0.022607870399951935,0.0,0.0,0.0,0.0,0.07585552334785461,5.6098508572755595e-05,,,
1854,True,,0.009239348582923412,0.014171859249472618,,0.0,,,,,,0.003925824537873268,0.05010873079299927,0.0,0.01831776462495327,0.0,0.0,0.0,0.0,0.05691147223114967,5.601618839305411e-05,,,
1855,True,,0.009626359678804874,0.022480294108390808,,0.0,,,,,,0.0037034207489341497,0.054871950298547745,0.0,0.01904177851974964,0.0,0.0,0.0,0.0,0.043951280415058136,5.593442006211965e-05,,,
1856,True,,0.006613485049456358,0.018164316192269325,,0.0,,,,,,0.001747566624544561,0.044957756996154785,0.0,0.013038471341133118,0.0,0.0,0.0,0.0,0.06077511981129646,5.585320378601192e-05,,,
1857,True,,0.01347348839044571,0.020336870104074478,,0.0,,,,,,0.006600607186555862,0.06420300900936127,0.0,0.026697766035795212,0.0,0.0,0.0,0.0,0.05284598469734192,5.577253976939955e-05,,,
1858,True,,0.008408883586525917,0.015892840921878815,,0.0,,,,,,0.0034742304123938084,0.045365165919065475,0.0,0.016578558832406998,0.0,0.0,0.0,0.0,0.04295646399259567,5.569242821555936e-05,,,
1859,True,,0.012933661229908466,0.0192117802798748,,0.0,,,,,,0.005845985375344753,0.06651720404624939,0.0,0.025623485445976257,0.0,0.0,0.0,0.0,0.045832592993974686,5.561286932637598e-05,,,
1860,True,,0.013375942595303059,0.018287446349859238,,0.0,,,,,,0.0059686144813895226,0.07116904854774475,0.0,0.02664433792233467,0.0,0.0,0.0,0.0,0.048705387860536575,5.553386330234125e-05,,,
1861,True,,0.012145457789301872,0.01970728114247322,,0.0,,,,,,0.005630454979836941,0.06053140386939049,0.0,0.02402612566947937,0.0,0.0,0.0,0.0,0.055116910487413406,5.545541034255383e-05,,,
1862,True,,0.009598447941243649,0.014606110751628876,,0.0,,,,,,0.0037465104833245277,0.05468793958425522,0.0,0.018959812819957733,0.0,0.0,0.0,0.0,0.06983865797519684,5.5377510644718617e-05,,,
1863,True,,0.012778960168361664,0.021425768733024597,,0.0,,,,,,0.005014318972826004,0.0724157840013504,0.0,0.025249116122722626,0.0,0.0,0.0,0.0,0.08852633833885193,5.5300164405146204e-05,,,
1864,True,,0.011253773234784603,0.0174583550542593,,0.0,,,,,,0.005069376900792122,0.05836828798055649,0.0,0.022334564477205276,0.0,0.0,0.0,0.0,0.07305488735437393,5.5223371818752534e-05,,,
1865,True,,0.00795668177306652,0.014411776326596737,,0.0,,,,,,0.0028611738234758377,0.0471452958881855,0.0,0.015676502138376236,0.0,0.0,0.0,0.0,0.059065740555524826,5.514713307905825e-05,,,
1866,True,,0.009417538531124592,0.022870101034641266,,0.0,,,,,,0.0035358897875994444,0.05573521554470062,0.0,0.018755652010440826,0.0,0.0,0.0,0.0,0.06369774043560028,5.507144837818833e-05,,,
1867,True,,0.014088202267885208,0.018453696742653847,,0.0,,,,,,0.00706635182723403,0.06738348305225372,0.0,0.028077438473701477,0.0,0.0,0.0,0.0,0.04047286882996559,5.499631790687148e-05,,,
1868,True,,0.00981982983648777,0.01965441182255745,,0.0,,,,,,0.00343053275719285,0.05879362300038338,0.0,0.01932626962661743,0.0,0.0,0.0,0.0,0.11686596274375916,5.492174185443982e-05,,,
1869,True,,0.005610207561403513,0.010578742250800133,,0.0,,,,,,0.0015375599032267928,0.03790954500436783,0.0,0.011044509708881378,0.0,0.0,0.0,0.0,0.057088207453489304,5.4847720408828226e-05,,,
1870,True,,0.005994015838950872,0.013666409067809582,,0.0,,,,,,0.0018466146430000663,0.03758332133293152,0.0,0.011735627427697182,0.0,0.0,0.0,0.0,0.07825099676847458,5.477425375657398e-05,,,
1871,True,,0.005976927932351828,0.017533764243125916,,0.0,,,,,,0.0014302816707640886,0.041277650743722916,0.0,0.011710312217473984,0.0,0.0,0.0,0.0,0.053962886333465576,5.4701342082816274e-05,,,
1872,True,,0.008386089466512203,0.013434655964374542,,0.0,,,,,,0.003574637696146965,0.045040689408779144,0.0,0.016599144786596298,0.0,0.0,0.0,0.0,0.04712875559926033,5.46289855712957e-05,,,
1873,True,,0.012262658216059208,0.017884574830532074,,0.0,,,,,,0.0061137741431593895,0.05678374692797661,0.0,0.024233654141426086,0.0,0.0,0.0,0.0,0.06672132015228271,5.45571844043538e-05,,,
1874,True,,0.006479139905422926,0.011068083345890045,,0.0,,,,,,0.0015494977124035358,0.04682886227965355,0.0,0.012822205200791359,0.0,0.0,0.0,0.0,0.047616928815841675,5.44859387629327e-05,,,
1875,True,,0.006870416458696127,0.014279169030487537,,0.0,,,,,,0.00238098599947989,0.04154613986611366,0.0,0.013548808172345161,0.0,0.0,0.0,0.0,0.035599205642938614,5.441524882657447e-05,,,
1876,True,,0.013210445642471313,0.0176260806620121,,0.0,,,,,,0.005886144936084747,0.06807522475719452,0.0,0.02608037367463112,0.0,0.0,0.0,0.0,0.10959383845329285,5.4345114773420886e-05,,,
1877,True,,0.008392805233597755,0.014044053852558136,,0.0,,,,,,0.002474267967045307,0.056304872035980225,0.0,0.016637999564409256,0.0,0.0,0.0,0.0,0.08422797918319702,5.4275536780212786e-05,,,
1878,True,,0.01082146167755127,0.01522655040025711,,0.0,,,,,,0.004430751781910658,0.059905119240283966,0.0,0.021394990384578705,0.0,0.0,0.0,0.0,0.04225587844848633,5.420651502228977e-05,,,
1879,True,,0.007125097326934338,0.017301177605986595,,0.0,,,,,,0.00232633831910789,0.044179514050483704,0.0,0.014042398892343044,0.0,0.0,0.0,0.0,0.04222283884882927,5.413804967358968e-05,,,
1880,True,,0.01216757670044899,0.017955739051103592,,0.0,,,,,,0.006630333140492439,0.05112537741661072,0.0,0.024090005084872246,0.0,0.0,0.0,0.0,0.04513448849320412,5.407014090664816e-05,,,
1881,True,,0.008327952586114407,0.016882937401533127,,0.0,,,,,,0.0029231179505586624,0.050963740795850754,0.0,0.016516273841261864,0.0,0.0,0.0,0.0,0.03790997341275215,5.400278889259831e-05,,,
1882,True,,0.005895430687814951,0.014600002206861973,,0.0,,,,,,0.0020360127091407776,0.03591378033161163,0.0,0.011668821796774864,0.0,0.0,0.0,0.0,0.0314984992146492,5.393599380117016e-05,,,
1883,True,,0.00660494901239872,0.012022601440548897,,0.0,,,,,,0.002430012682452798,0.03851212561130524,0.0,0.013006400316953659,0.0,0.0,0.0,0.0,0.03107740543782711,5.386975580069018e-05,,,
1884,True,,0.01149721909314394,0.01744801551103592,,0.0,,,,,,0.005018576513975859,0.06065690889954567,0.0,0.02275596745312214,0.0,0.0,0.0,0.0,0.08111438900232315,5.380407505808107e-05,,,
1885,True,,0.01377072837203741,0.026560798287391663,,0.0,,,,,,0.006365272216498852,0.0697793960571289,0.0,0.02737954631447792,0.0,0.0,0.0,0.0,0.04886915907263756,5.373895173886118e-05,,,
1886,True,,0.009567515924572945,0.0139226745814085,,0.0,,,,,,0.0040990314446389675,0.05103067681193352,0.0,0.018908843398094177,0.0,0.0,0.0,0.0,0.053769662976264954,5.367438600714409e-05,,,
1887,True,,0.009637560695409775,0.01823880523443222,,0.0,,,,,,0.0038022275548428297,0.05446503683924675,0.0,0.019068680703639984,0.0,0.0,0.0,0.0,0.05431035906076431,5.361037802563829e-05,,,
1888,True,,0.009082460775971413,0.0147060202434659,,0.0,,,,,,0.003045721910893917,0.05690118297934532,0.0,0.01796536147594452,0.0,0.0,0.0,0.0,0.03710547834634781,5.3546927955646675e-05,,,
1889,True,,0.009590097703039646,0.020083928480744362,,0.0,,,,,,0.0036508655175566673,0.055305153131484985,0.0,0.01897231861948967,0.0,0.0,0.0,0.0,0.055383943021297455,5.3484035957066167e-05,,,
1890,True,,0.012221556156873703,0.024837635457515717,,0.0,,,,,,0.005423791706562042,0.062443021684885025,0.0,0.02413802593946457,0.0,0.0,0.0,0.0,0.08903726190328598,5.342170218838742e-05,,,
1891,True,,0.0068753561936318874,0.015107966959476471,,0.0,,,,,,0.0022532239090651274,0.04115794971585274,0.0,0.013395454734563828,0.0,0.0,0.0,0.0,0.11595189571380615,5.335992680669419e-05,,,
1892,True,,0.006927156355232,0.011754167266190052,,0.0,,,,,,0.002004916314035654,0.04661329463124275,0.0,0.01371094398200512,0.0,0.0,0.0,0.0,0.053521886467933655,5.329870996766314e-05,,,
1893,True,,0.007451268378645182,0.012905548326671124,,0.0,,,,,,0.002840595319867134,0.04259277507662773,0.0,0.014680197462439537,0.0,0.0,0.0,0.0,0.06805592030286789,5.32380518255634e-05,,,
1894,True,,0.013179336674511433,0.021659282967448235,,0.0,,,,,,0.005623453762382269,0.07089172303676605,0.0,0.026108555495738983,0.0,0.0,0.0,0.0,0.04484898969531059,5.317795253325613e-05,,,
1895,True,,0.008893225342035294,0.013883707113564014,,0.0,,,,,,0.0038992869667708874,0.04686494171619415,0.0,0.0176178440451622,0.0,0.0,0.0,0.0,0.05487054958939552,5.311841224219418e-05,,,
1896,True,,0.008640948683023453,0.014103400520980358,,0.0,,,,,,0.0036429986357688904,0.045754946768283844,0.0,0.017000475898385048,0.0,0.0,0.0,0.0,0.0863289162516594,5.3059431102421645e-05,,,
1897,True,,0.009129137732088566,0.01744464784860611,,0.0,,,,,,0.0027997910510748625,0.059899985790252686,0.0,0.018093373626470566,0.0,0.0,0.0,0.0,0.06690375506877899,5.3001009262573614e-05,,,
1898,True,,0.009479226544499397,0.018018322065472603,,0.0,,,,,,0.0040394398383796215,0.049748677760362625,0.0,0.018673717975616455,0.0,0.0,0.0,0.0,0.061463601887226105,5.294314686987566e-05,,,
1899,True,,0.010398742742836475,0.015451942570507526,,0.0,,,,,,0.004116309806704521,0.05957361310720444,0.0,0.020626932382583618,0.0,0.0,0.0,0.0,0.06907942146062851,5.2885844070143525e-05,,,
1900,True,,0.008815408684313297,0.017741268500685692,,0.0,,,,,,0.003265822771936655,0.05093199759721756,0.0,0.017351843416690826,0.0,0.0,0.0,0.0,0.08798329532146454,5.282910100778279e-05,0.030359610768209307,0.004925530252449478,0.05902170154074045
1901,True,,0.007093699648976326,0.015414733439683914,,0.0,,,,,,0.0027350783348083496,0.039767272770404816,0.0,0.013959652744233608,0.0,0.0,0.0,0.0,0.07425092905759811,5.277291782578845e-05,,,
1902,True,,0.009326593950390816,0.012986913323402405,,0.0,,,,,,0.0034292195923626423,0.05489266663789749,0.0,0.01837494969367981,0.0,0.0,0.0,0.0,0.05992656946182251,5.271729466574455e-05,,,
1903,True,,0.006379014812409878,0.013380898162722588,,0.0,,,,,,0.002234858926385641,0.038314517587423325,0.0,0.012579134665429592,0.0,0.0,0.0,0.0,0.044309329241514206,5.2662231667823907e-05,,,
1904,True,,0.007737654726952314,0.014672436751425266,,0.0,,,,,,0.0029850031714886427,0.04412456974387169,0.0,0.015281839296221733,0.0,0.0,0.0,0.0,0.06967364996671677,5.260772897078765e-05,,,
1905,True,,0.011561664752662182,0.019153457134962082,,0.0,,,,,,0.004393304232507944,0.06723219156265259,0.0,0.022869722917675972,0.0,0.0,0.0,0.0,0.046454936265945435,5.255378671198502e-05,,,
1906,True,,0.008689900860190392,0.013730556704103947,,0.0,,,,,,0.0027975598350167274,0.05542239546775818,0.0,0.01716700568795204,0.0,0.0,0.0,0.0,0.054689113050699234,5.2500405027352805e-05,,,
1907,True,,0.009179918095469475,0.013815177604556084,,0.0,,,,,,0.0037020347081124783,0.05179588496685028,0.0,0.01819969341158867,0.0,0.0,0.0,0.0,0.05253807455301285,5.2447584051415176e-05,,,
1908,True,,0.010882129892706871,0.024133935570716858,,0.0,,,,,,0.004786316305398941,0.056877925992012024,0.0,0.02159757912158966,0.0,0.0,0.0,0.0,0.04605478048324585,5.2395323917283325e-05,,,
1909,True,,0.009313670918345451,0.013505038805305958,,0.0,,,,,,0.0039198813028633595,0.05030777305364609,0.0,0.018399380147457123,0.0,0.0,0.0,0.0,0.06011085584759712,5.23436247566551e-05,,,
1910,True,,0.0064315637573599815,0.012525711208581924,,0.0,,,,,,0.0022468199022114277,0.03917110338807106,0.0,0.012720751576125622,0.0,0.0,0.0,0.0,0.052824974060058594,5.229248669981458e-05,,,
1911,True,,0.012887872755527496,0.020275697112083435,,0.0,,,,,,0.006173598580062389,0.06292439252138138,0.0,0.025556668639183044,0.0,0.0,0.0,0.0,0.043808624148368835,5.2241909875631934e-05,,,
1912,True,,0.008350938558578491,0.01989370957016945,,0.0,,,,,,0.0035577404778450727,0.04274940490722656,0.0,0.016382556408643723,0.0,0.0,0.0,0.0,0.046257976442575455,5.219189441156298e-05,,,
1913,True,,0.010268695652484894,0.016237933188676834,,0.0,,,,,,0.0041132476180791855,0.05788871645927429,0.0,0.020333193242549896,0.0,0.0,0.0,0.0,0.052966609597206116,5.214244043364885e-05,,,
1914,True,,0.010729748755693436,0.015735968947410583,,0.0,,,,,,0.004946331027895212,0.0550093874335289,0.0,0.02133437804877758,0.0,0.0,0.0,0.0,0.042232710868120193,5.209354806651572e-05,,,
1915,True,,0.007196244318038225,0.01222621463239193,,0.0,,,,,,0.0024754698388278484,0.04500811547040939,0.0,0.014294788241386414,0.0,0.0,0.0,0.0,0.04729170352220535,5.2045217433374515e-05,,,
1916,True,,0.011625854298472404,0.017245683819055557,,0.0,,,,,,0.004457889590412378,0.06785561889410019,0.0,0.02304176241159439,0.0,0.0,0.0,0.0,0.042150042951107025,5.1997448656020535e-05,,,
1917,True,,0.005300901364535093,0.012247033417224884,,0.0,,,,,,0.0017909737071022391,0.03238872438669205,0.0,0.010453217662870884,0.0,0.0,0.0,0.0,0.04609512910246849,5.1950241854833174e-05,,,
1918,True,,0.008285240270197392,0.015734318643808365,,0.0,,,,,,0.003187765832990408,0.04707251116633415,0.0,0.016337599605321884,0.0,0.0,0.0,0.0,0.03567594662308693,5.190359714877563e-05,,,
1919,True,,0.008440917357802391,0.017532940953969955,,0.0,,,,,,0.00278409942984581,0.05202511325478554,0.0,0.016602858901023865,0.0,0.0,0.0,0.0,0.06595038622617722,5.185751465539463e-05,,,
1920,True,,0.01144071202725172,0.01915488764643669,,0.0,,,,,,0.004977116826921701,0.06048381328582764,0.0,0.022657759487628937,0.0,0.0,0.0,0.0,0.03805658966302872,5.1811994490820026e-05,,,
1921,True,,0.0068194251507520676,0.023612286895513535,,0.0,,,,,,0.002650076523423195,0.03750832378864288,0.0,0.013456457294523716,0.0,0.0,0.0,0.0,0.045986566692590714,5.176703676976467e-05,,,
1922,True,,0.008502922020852566,0.013620753772556782,,0.0,,,,,,0.0033782212994992733,0.047595299780368805,0.0,0.016776882112026215,0.0,0.0,0.0,0.0,0.04039010405540466,5.172264160552393e-05,,,
1923,True,,0.00954410806298256,0.014369755052030087,,0.0,,,,,,0.003941538743674755,0.053779345005750656,0.0,0.019007278606295586,0.0,0.0,0.0,0.0,0.03660610690712929,5.1678809109975575e-05,,,
1924,True,,0.007238037884235382,0.015871137380599976,,0.0,,,,,,0.002333907876163721,0.04597528278827667,0.0,0.014328185468912125,0.0,0.0,0.0,0.0,0.0466650128364563,5.16355393935794e-05,,,
1925,True,,0.013442832976579666,0.016639892011880875,,0.0,,,,,,0.006653693970292807,0.06418350338935852,0.0,0.02668127603828907,0.0,0.0,0.0,0.0,0.11000091582536697,5.159283256537703e-05,,,
1926,True,,0.006595125887542963,0.010693131014704704,,0.0,,,,,,0.0021206464152783155,0.041676104068756104,0.0,0.012990313582122326,0.0,0.0,0.0,0.0,0.05082026124000549,5.1550688732991475e-05,,,
1927,True,,0.00813313852995634,0.011173097416758537,,0.0,,,,,,0.0031277115922421217,0.04707954078912735,0.0,0.01608053594827652,0.0,0.0,0.0,0.0,0.041953593492507935,5.150910800262706e-05,,,
1928,True,,0.010162360966205597,0.0148888835683465,,0.0,,,,,,0.004383896477520466,0.05502757802605629,0.0,0.020197903737425804,0.0,0.0,0.0,0.0,0.04390304163098335,5.1468090479069043e-05,,,
1929,True,,0.011814003810286522,0.016468971967697144,,0.0,,,,,,0.00578349968418479,0.05721520632505417,0.0,0.02348371408879757,0.0,0.0,0.0,0.0,0.07245004922151566,5.14276362656834e-05,,,
1930,True,,0.010904623195528984,0.017810510471463203,,0.0,,,,,,0.005101334303617477,0.05456183850765228,0.0,0.021640246734023094,0.0,0.0,0.0,0.0,0.04403165727853775,5.138774546441644e-05,,,
1931,True,,0.008596877567470074,0.01711324416100979,,0.0,,,,,,0.0029918444342911243,0.05277125909924507,0.0,0.017036981880664825,0.0,0.0,0.0,0.0,0.03456375375390053,5.1348418175794784e-05,,,
1932,True,,0.009939565323293209,0.016147756949067116,,0.0,,,,,,0.0032349012326449156,0.06366293132305145,0.0,0.019702237099409103,0.0,0.0,0.0,0.0,0.06444680690765381,5.130965449892492e-05,,,
1933,True,,0.005920238792896271,0.013903308659791946,,0.0,,,,,,0.002117718569934368,0.03594811633229256,0.0,0.011771801859140396,0.0,0.0,0.0,0.0,0.031266938894987106,5.127145453149298e-05,,,
1934,True,,0.00895871501415968,0.013209560886025429,,0.0,,,,,,0.00358370179310441,0.051085200160741806,0.0,0.01778303273022175,0.0,0.0,0.0,0.0,0.041481077671051025,5.123381836976457e-05,,,
1935,True,,0.008719468489289284,0.014921910129487514,,0.0,,,,,,0.0028213518671691418,0.05598416179418564,0.0,0.017288455739617348,0.0,0.0,0.0,0.0,0.03708663210272789,5.119674610858441e-05,,,
1936,True,,0.00859054084867239,0.012282930314540863,,0.0,,,,,,0.0033157034777104855,0.04927320405840874,0.0,0.016956394538283348,0.0,0.0,0.0,0.0,0.03257669135928154,5.11602378413763e-05,,,
1937,True,,0.010276966728270054,0.015175167471170425,,0.0,,,,,,0.003532184986397624,0.06346147507429123,0.0,0.02030705101788044,0.0,0.0,0.0,0.0,0.04858778044581413,5.1124293660142604e-05,,,
1938,True,,0.010491883382201195,0.01558201014995575,,0.0,,,,,,0.004305530339479446,0.05821341276168823,0.0,0.02077457681298256,0.0,0.0,0.0,0.0,0.05586226284503937,5.108891365546425e-05,,,
1939,True,,0.007366536185145378,0.015988236293196678,,0.0,,,,,,0.002968968590721488,0.041402023285627365,0.0,0.014635588973760605,0.0,0.0,0.0,0.0,0.03678540140390396,5.105409791650037e-05,,,
1940,True,,0.007645930629223585,0.016261180862784386,,0.0,,,,,,0.0027914531528949738,0.04554450511932373,0.0,0.015154445543885231,0.0,0.0,0.0,0.0,0.034152258187532425,5.101984653098819e-05,,,
1941,True,,0.0068258680403232574,0.015169767662882805,,0.0,,,,,,0.002366337925195694,0.04107700288295746,0.0,0.013451604172587395,0.0,0.0,0.0,0.0,0.03948972001671791,5.0986159585242695e-05,,,
1942,True,,0.0075968727469444275,0.014129340648651123,,0.0,,,,,,0.003008476924151182,0.04276803135871887,0.0,0.015023445710539818,0.0,0.0,0.0,0.0,0.06935711205005646,5.095303716415641e-05,,,
1943,True,,0.009244540706276894,0.017340220510959625,,0.0,,,,,,0.0040817465633153915,0.04803304374217987,0.0,0.01830299384891987,0.0,0.0,0.0,0.0,0.051813721656799316,5.092047935119932e-05,,,
1944,True,,0.00915909931063652,0.015740174800157547,,0.0,,,,,,0.003507591551169753,0.05270744115114212,0.0,0.01809483766555786,0.0,0.0,0.0,0.0,0.04728616774082184,5.088848622841853e-05,,,
1945,True,,0.01021437719464302,0.013712665066123009,,0.0,,,,,,0.004333914257586002,0.05632361024618149,0.0,0.02031777799129486,0.0,0.0,0.0,0.0,0.04630746692419052,5.0857057876438117e-05,,,
1946,True,,0.008372633717954159,0.013905001804232597,,0.0,,,,,,0.003491420764476061,0.045491088181734085,0.0,0.016552213579416275,0.0,0.0,0.0,0.0,0.03938129544258118,5.0826194374458875e-05,,,
1947,True,,0.00978638045489788,0.013162471354007721,,0.0,,,,,,0.004065721295773983,0.055046021938323975,0.0,0.019488327205181122,0.0,0.0,0.0,0.0,0.055907491594552994,5.079589580025819e-05,,,
1948,True,,0.013274893164634705,0.018821384757757187,,0.0,,,,,,0.006173758767545223,0.066585972905159,0.0,0.026295464485883713,0.0,0.0,0.0,0.0,0.048624854534864426,5.076616223018981e-05,,,
1949,True,,0.010310258716344833,0.014958217740058899,,0.0,,,,,,0.003973736893385649,0.06007925048470497,0.0,0.020441502332687378,0.0,0.0,0.0,0.0,0.037303678691387177,5.073699373918357e-05,,,
1950,True,,0.008888139389455318,0.016424423083662987,,0.0,,,,,,0.0031965416856110096,0.05360791087150574,0.0,0.017609715461730957,0.0,0.0,0.0,0.0,0.04535743594169617,5.0708390400745406e-05,,,
1951,True,,0.009792900644242764,0.013551190495491028,,0.0,,,,,,0.004372602794319391,0.050729021430015564,0.0,0.01937391795217991,0.0,0.0,0.0,0.0,0.05050817131996155,5.0680352286956974e-05,,,
1952,True,,0.0065707010217010975,0.013513141311705112,,0.0,,,,,,0.0024707717821002007,0.03828853368759155,0.0,0.013005457818508148,0.0,0.0,0.0,0.0,0.03999406844377518,5.06528794684755e-05,,,
1953,True,,0.010756234638392925,0.01704329624772072,,0.0,,,,,,0.005096743814647198,0.0538172721862793,0.0,0.021405138075351715,0.0,0.0,0.0,0.0,0.03983762860298157,5.062597201453371e-05,,,
1954,True,,0.011895060539245605,0.014661827124655247,,0.0,,,,,,0.005842205137014389,0.05754448100924492,0.0,0.02363833226263523,0.0,0.0,0.0,0.0,0.037709202617406845,5.059962999293957e-05,,,
1955,True,,0.008385388180613518,0.01715499721467495,,0.0,,,,,,0.003417389001697302,0.0463421568274498,0.0,0.016608543694019318,0.0,0.0,0.0,0.0,0.03776343911886215,5.057385347007612e-05,,,
1956,True,,0.009705040603876114,0.017354577779769897,,0.0,,,,,,0.004297495819628239,0.050007134675979614,0.0,0.019176796078681946,0.0,0.0,0.0,0.0,0.04889243096113205,5.0548642510901353e-05,,,
1957,True,,0.007571641821414232,0.01363267470151186,,0.0,,,,,,0.0028650022577494383,0.04423697292804718,0.0,0.014996668323874474,0.0,0.0,0.0,0.0,0.04546750709414482,5.052399717894792e-05,,,
1958,True,,0.007573597598820925,0.014030758291482925,,0.0,,,,,,0.0028472633566707373,0.04439295828342438,0.0,0.015000464394688606,0.0,0.0,0.0,0.0,0.059003088623285294,5.049991753632319e-05,,,
1959,True,,0.010955334641039371,0.01785183511674404,,0.0,,,,,,0.00454882625490427,0.05994189530611038,0.0,0.021676868200302124,0.0,0.0,0.0,0.0,0.05575576052069664,5.047640364370888e-05,,,
1960,True,,0.007301437668502331,0.010498885996639729,,0.0,,,,,,0.0030402811244130135,0.03940553590655327,0.0,0.014387261122465134,0.0,0.0,0.0,0.0,0.039498016238212585,5.045345556036106e-05,,,
1961,True,,0.010998308658599854,0.014925582334399223,,0.0,,,,,,0.003530709072947502,0.06970450282096863,0.0,0.021648723632097244,0.0,0.0,0.0,0.0,0.05509766936302185,5.0431073344109864e-05,,,
1962,True,,0.0073095932602882385,0.013183416798710823,,0.0,,,,,,0.002818476175889373,0.04194512963294983,0.0,0.014454416930675507,0.0,0.0,0.0,0.0,0.045447055250406265,5.0409257051359485e-05,,,
1963,True,,0.009540589526295662,0.013129881583154202,,0.0,,,,,,0.004092964343726635,0.0510166697204113,0.0,0.01886652037501335,0.0,0.0,0.0,0.0,0.045231059193611145,5.038800673708793e-05,,,
1964,True,,0.008027435280382633,0.019775737076997757,,0.0,,,,,,0.002660504076629877,0.050020694732666016,0.0,0.01588776707649231,0.0,0.0,0.0,0.0,0.04588644579052925,5.036732245484691e-05,,,
1965,True,,0.006612885277718306,0.011316671036183834,,0.0,,,,,,0.0022469069808721542,0.041214469820261,0.0,0.013094406574964523,0.0,0.0,0.0,0.0,0.04096662253141403,5.034720425676171e-05,,,
1966,True,,0.008873844519257545,0.015455743297934532,,0.0,,,,,,0.0036751381121575832,0.04956869035959244,0.0,0.017660409212112427,0.0,0.0,0.0,0.0,0.04053576663136482,5.032765219353108e-05,,,
1967,True,,0.008469324558973312,0.01420046016573906,,0.0,,,,,,0.003378699067980051,0.04848935455083847,0.0,0.016838964074850082,0.0,0.0,0.0,0.0,0.03746478632092476,5.0308666314427055e-05,,,
1968,True,,0.008139251731336117,0.015098151750862598,,0.0,,,,,,0.0034178737550973892,0.04467422887682915,0.0,0.0161755308508873,0.0,0.0,0.0,0.0,0.032697420567274094,5.029024666729492e-05,,,
1969,True,,0.010484595783054829,0.01633266545832157,,0.0,,,,,,0.005139653105288744,0.04900812730193138,0.0,0.020688388496637344,0.0,0.0,0.0,0.0,0.08674754947423935,5.027239329855294e-05,,,
1970,True,,0.010825607925653458,0.019649401307106018,,0.0,,,,,,0.004444110672920942,0.060381196439266205,0.0,0.02150433138012886,0.0,0.0,0.0,0.0,0.053294770419597626,5.025510625319242e-05,,,
1971,True,,0.00887293741106987,0.013468675315380096,,0.0,,,,,,0.003893404733389616,0.0468212366104126,0.0,0.017583154141902924,0.0,0.0,0.0,0.0,0.03258449584245682,5.023838557477747e-05,,,
1972,True,,0.005938384216278791,0.012155318632721901,,0.0,,,,,,0.001480329199694097,0.04202122986316681,0.0,0.011742389760911465,0.0,0.0,0.0,0.0,0.04666274040937424,5.0222231305444905e-05,,,
1973,True,,0.01009911298751831,0.017313165590167046,,0.0,,,,,,0.003863444086164236,0.05884767696261406,0.0,0.020020456984639168,0.0,0.0,0.0,0.0,0.04962095618247986,5.020664348590419e-05,,,
1974,True,,0.011955924332141876,0.015861645340919495,,0.0,,,,,,0.005711684934794903,0.05837529897689819,0.0,0.023663755506277084,0.0,0.0,0.0,0.0,0.05260404944419861,5.019162215543735e-05,,,
1975,True,,0.008626990020275116,0.011632876470685005,,0.0,,,,,,0.003216059412807226,0.05099070817232132,0.0,0.017058448866009712,0.0,0.0,0.0,0.0,0.03668699041008949,5.0177167351898755e-05,,,
1976,True,,0.007917839102447033,0.014014908112585545,,0.0,,,,,,0.002774822525680065,0.04894247651100159,0.0,0.015727058053016663,0.0,0.0,0.0,0.0,0.045179326087236404,5.016327911171514e-05,,,
1977,True,,0.007391104940325022,0.012801692821085453,,0.0,,,,,,0.0025083599612116814,0.04546491429209709,0.0,0.014573972672224045,0.0,0.0,0.0,0.0,0.07509849965572357,5.014995746988551e-05,,,
1978,True,,0.0043511902913451195,0.02381758578121662,,0.0,,,,,,0.0011723394272848964,0.028080491349101067,0.0,0.008569754660129547,0.0,0.0,0.0,0.0,0.058443423360586166,5.0137202459980954e-05,,,
1979,True,,0.010394154116511345,0.020152069628238678,,0.0,,,,,,0.0047792699187994,0.05124270170927048,0.0,0.02049921452999115,0.0,0.0,0.0,0.0,0.05767621472477913,5.0125014114144646e-05,,,
1980,True,,0.0045675188302993774,0.015686366707086563,,0.0,,,,,,0.0015151409897953272,0.02787424996495247,0.0,0.009026948362588882,0.0,0.0,0.0,0.0,0.04733233153820038,5.0113392463091796e-05,,,
1981,True,,0.009451213292777538,0.0159926638007164,,0.0,,,,,,0.0036166408099234104,0.05479874834418297,0.0,0.018707655370235443,0.0,0.0,0.0,0.0,0.03819628804922104,5.010233753610943e-05,,,
1982,True,,0.009236275218427181,0.013180885463953018,,0.0,,,,,,0.003680045483633876,0.05325585976243019,0.0,0.01837371662259102,0.0,0.0,0.0,0.0,0.04555607587099075,5.009184936105646e-05,,,
1983,True,,0.00923549011349678,0.01906362548470497,,0.0,,,,,,0.003811020404100418,0.050205543637275696,0.0,0.01825770176947117,0.0,0.0,0.0,0.0,0.04690150171518326,5.008192796436353e-05,,,
1984,True,,0.008503063581883907,0.013798865489661694,,0.0,,,,,,0.0029494185000658035,0.05268188938498497,0.0,0.01685865968465805,0.0,0.0,0.0,0.0,0.04582972824573517,5.007257337103303e-05,,,
1985,True,,0.010090610943734646,0.01616496965289116,,0.0,,,,,,0.004053798504173756,0.055795468389987946,0.0,0.019885607063770294,0.0,0.0,0.0,0.0,0.051939141005277634,5.006378560463891e-05,,,
1986,True,,0.009616083465516567,0.014490149915218353,,0.0,,,,,,0.0034749750047922134,0.057747118175029755,0.0,0.019010672345757484,0.0,0.0,0.0,0.0,0.03869325667619705,5.005556468732673e-05,,,
1987,True,,0.005738075822591782,0.01301073282957077,,0.0,,,,,,0.0017332450952380896,0.03727889806032181,0.0,0.011329317465424538,0.0,0.0,0.0,0.0,0.04106932133436203,5.004791063981357e-05,,,
1988,True,,0.014178561978042126,0.018824739381670952,,0.0,,,,,,0.006870241370052099,0.06962618976831436,0.0,0.02819966897368431,0.0,0.0,0.0,0.0,0.04339996352791786,5.0040823481387974e-05,,,
1989,True,,0.012689542956650257,0.016953594982624054,,0.0,,,,,,0.005927443038672209,0.06444665789604187,0.0,0.025231188163161278,0.0,0.0,0.0,0.0,0.045607566833496094,5.003430322990986e-05,,,
1990,True,,0.01535937748849392,0.025372546166181564,,0.0,,,,,,0.00733115803450346,0.07570722699165344,0.0,0.03051498346030712,0.0,0.0,0.0,0.0,0.04160338267683983,5.0028349901810586e-05,,,
1991,True,,0.006410270929336548,0.013580713421106339,,0.0,,,,,,0.0021557044237852097,0.0395909920334816,0.0,0.012660881504416466,0.0,0.0,0.0,0.0,0.023366864770650864,5.002296351209276e-05,,,
1992,True,,0.008906787261366844,0.014194504357874393,,0.0,,,,,,0.0033035834785550833,0.0524483323097229,0.0,0.017597150057554245,0.0,0.0,0.0,0.0,0.041359804570674896,5.0018144074330335e-05,,,
1993,True,,0.009597621858119965,0.015957651659846306,,0.0,,,,,,0.0034505287185311317,0.05839511379599571,0.0,0.019047237932682037,0.0,0.0,0.0,0.0,0.029538676142692566,5.001389160066851e-05,,,
1994,True,,0.008644013665616512,0.014571627601981163,,0.0,,,,,,0.002903370186686516,0.05411774665117264,0.0,0.017104875296354294,0.0,0.0,0.0,0.0,0.052711471915245056,5.00102061018237e-05,,,
1995,True,,0.008002789691090584,0.013109748251736164,,0.0,,,,,,0.0026282956823706627,0.0512060672044754,0.0,0.015882790088653564,0.0,0.0,0.0,0.0,0.03989480435848236,5.000708758708351e-05,,,
1996,True,,0.01027732901275158,0.01817590743303299,,0.0,,,,,,0.0038635763339698315,0.060586486011743546,0.0,0.02038131281733513,0.0,0.0,0.0,0.0,0.049941956996917725,5.000453606430677e-05,,,
1997,True,,0.006235592067241669,0.012641974724829197,,0.0,,,,,,0.0014429636066779494,0.044921182096004486,0.0,0.012297093868255615,0.0,0.0,0.0,0.0,0.045381851494312286,5.000255153992338e-05,,,
1998,True,,0.008725669234991074,0.01490818616002798,,0.0,,,,,,0.0033652079291641712,0.050761375576257706,0.0,0.017316095530986786,0.0,0.0,0.0,0.0,0.05923661217093468,5.0001134018934464e-05,,,
1999,True,,0.01303982175886631,0.021059753373265266,,0.0,,,,,,0.005299404263496399,0.07344818115234375,0.0,0.025894641876220703,0.0,0.0,0.0,0.0,0.05470483750104904,5.000028350491222e-05,,,
2000,True,,0.011395938694477081,0.018307775259017944,,0.0,,,,,,0.004504861310124397,0.0660671666264534,0.0,0.02269059419631958,0.0,0.0,0.0,0.0,0.03724426031112671,5e-05,0.018999757480118302,0.002944163276112906,0.026492792429158175
